15	27	1
0.515625	0.000561	0.028320	0.000481	0.081055	-0.000731	0.506836	-0.000499	0.155273	0.002423	0.155273	0.000898	0.499023	-0.000397	0.177734	-0.000392	0.469727	0.170663	0.514648	0.135854	0.000000	-0.139385	0.099609	-0.051006	0.049805	0.000480	0.000135	
1	
0.512695	0.000656	0.091797	0.000445	0.162109	-0.000894	0.180664	-0.000805	0.492188	0.001883	0.168945	0.000916	0.480469	-0.000642	0.179688	-0.000404	0.455078	0.196442	0.499023	0.170693	0.000977	-0.141441	0.110352	-0.044331	0.296875	0.000520	0.000139	
1	
0.477539	0.000654	0.089844	0.000434	0.030273	-0.000877	0.459961	-0.000448	0.000000	0.002159	0.149414	0.000937	0.456055	-0.000648	0.164062	-0.000365	0.425781	0.194952	0.469727	0.175551	0.000000	-0.140562	0.095703	-0.051677	0.286133	0.000512	0.000129	
1	
0.453125	0.000729	0.084961	0.000401	0.033203	-0.001020	0.444336	-0.000539	0.170898	0.002521	0.147461	0.000999	0.433594	-0.000961	0.159180	-0.000423	0.037109	0.211299	0.451172	0.181988	0.000000	-0.150442	0.095703	-0.049725	0.278320	0.000549	0.000135	
1	
0.471680	0.000757	0.156250	0.000720	0.103516	-0.001498	0.180664	-0.001008	0.444336	0.003863	0.159180	0.001117	0.433594	-0.001145	0.169922	-0.000502	0.418945	0.211642	0.000000	0.210284	0.455078	-0.155940	0.107422	-0.041933	0.277344	0.000647	0.000152	
1	
0.457031	0.000845	0.077148	0.000463	0.140625	-0.001187	0.436523	-0.000852	0.166016	0.002267	0.147461	0.001155	0.429688	-0.001188	0.155273	-0.000558	0.407227	0.247493	0.445312	0.183462	0.000000	-0.156582	0.095703	-0.045017	0.242188	0.000699	0.000189	
1	
0.406250	0.000722	0.065430	0.000188	0.192383	-0.000741	0.200195	-0.000553	0.000000	0.001453	0.177734	0.000321	0.125000	-0.000879	0.192383	-0.000581	0.035156	0.225588	0.000000	0.110164	0.405273	-0.200183	0.117188	-0.078396	0.066406	0.000617	0.000138	
1	
0.548828	0.000653	0.265625	0.000414	0.113281	-0.001382	0.019531	-0.000950	0.526367	0.001624	0.235352	0.001004	0.514648	-0.001114	0.247070	-0.000802	0.027344	0.213503	0.532227	0.181898	0.021484	-0.175924	0.135742	-0.083313	0.084961	0.000702	0.000217	
1	
0.441406	0.001048	0.148438	0.000697	0.092773	-0.001575	0.166992	-0.000851	0.426758	0.003675	0.151367	0.000861	0.412109	-0.001295	0.163086	-0.000419	0.058594	0.203862	0.438477	0.188886	0.000000	-0.155360	0.095703	-0.036985	0.252930	0.000702	0.000150	
1	
0.450195	0.000914	0.156250	0.000721	0.082031	-0.001137	0.178711	-0.000905	0.435547	0.002345	0.159180	0.000899	0.423828	-0.000932	0.166992	-0.000404	0.402344	0.201791	0.000000	0.196799	0.443359	-0.147194	0.106445	-0.034989	0.261719	0.000636	0.000179	
1	
0.899414	0.000838	0.516602	0.000726	0.092773	-0.000981	0.886719	-0.000822	0.635742	0.002532	0.144531	0.002408	0.609375	-0.001112	0.159180	-0.000930	0.620117	0.206160	0.896484	0.189885	0.000000	-0.156940	0.095703	-0.137759	0.558594	0.000580	0.000155	
1	
0.469727	0.000683	0.091797	0.000508	0.141602	-0.000831	0.173828	-0.000714	0.453125	0.002252	0.150391	0.000911	0.437500	-0.000853	0.166016	-0.000340	0.066406	0.205117	0.000000	0.186028	0.459961	-0.155447	0.102539	-0.052480	0.285156	0.000525	0.000137	
1	
0.446289	0.000742	0.131836	0.000648	0.079102	-0.000893	0.428711	-0.000374	0.000000	0.003534	0.138672	0.000968	0.414062	-0.001148	0.153320	-0.000414	0.079102	0.213819	0.432617	0.179457	0.000000	-0.172613	0.095703	-0.052211	0.272461	0.000571	0.000144	
1	
0.574219	0.001055	0.211914	0.000623	0.059570	-0.001526	0.200195	-0.000493	0.000000	0.001663	0.192383	0.000252	0.136719	-0.000840	0.208008	-0.000451	0.043945	0.189635	0.000000	0.102895	0.571289	-0.206885	0.113281	-0.149873	0.163086	0.000581	0.000087	
1	
0.600586	0.000344	0.039062	0.000170	0.214844	-0.000365	0.116211	-0.000212	0.524414	0.001212	0.218750	0.000231	0.163086	-0.000473	0.229492	-0.000424	0.031250	0.101449	0.000000	0.075939	0.588867	-0.158665	0.099609	-0.084025	0.149414	0.000340	0.000104	
1	
