9	27	1
0.423828	0.001132	0.051758	0.000293	0.257812	-0.000750	0.010742	-0.000690	0.195312	0.000792	0.191406	0.000742	0.139648	-0.001447	0.206055	-0.000778	0.050781	0.132317	0.018555	0.066723	0.220703	-0.255187	0.095703	-0.119810	0.145508	0.000647	0.000150	
1	
0.477539	0.001041	0.059570	0.000445	0.443359	-0.000924	0.010742	-0.000794	0.261719	0.000494	0.125000	0.000393	0.446289	-0.000909	0.224609	-0.000743	0.055664	0.129099	0.020508	0.102739	0.475586	-0.246962	0.099609	-0.142296	0.149414	0.000653	0.000136	
1	
0.403320	0.000984	0.046875	0.000330	0.307617	-0.000791	0.204102	-0.000709	0.000000	0.000739	0.131836	0.000632	0.188477	-0.001180	0.204102	-0.000885	0.046875	0.126282	0.009766	0.075604	0.401367	-0.255426	0.093750	-0.114371	0.144531	0.000614	0.000165	
1	
0.439453	0.001002	0.060547	0.000331	0.390625	-0.000750	0.438477	-0.000647	0.219727	0.000712	0.160156	0.000351	0.211914	-0.001105	0.219727	-0.000861	0.063477	0.129889	0.026367	0.095333	0.437500	-0.245621	0.107422	-0.163262	0.157227	0.000619	0.000145	
1	
0.424805	0.001117	0.050781	0.000365	0.398438	-0.000952	0.423828	-0.000902	0.001953	0.001093	0.135742	0.000879	0.185547	-0.001121	0.199219	-0.000931	0.046875	0.138665	0.011719	0.122349	0.423828	-0.266378	0.095703	-0.121449	0.145508	0.000659	0.000149	
1	
0.453125	0.000999	0.040039	0.000194	0.213867	-0.000987	0.006836	-0.000968	0.451172	0.000787	0.184570	0.000147	0.000000	-0.001153	0.046875	-0.001093	0.198242	0.178153	0.011719	0.081296	0.204102	-0.334864	0.095703	-0.240450	0.145508	0.000697	0.000098	
1	
0.506836	0.000544	0.467773	0.000528	0.046875	-0.001010	0.001953	-0.000566	0.234375	0.000399	0.146484	0.000324	0.470703	-0.001235	0.238281	-0.000743	0.050781	0.071691	0.457031	0.062914	0.003906	-0.202148	0.113281	-0.144301	0.062500	0.000556	0.000136	
1	
0.400391	0.001198	0.045898	0.000538	0.367188	-0.000998	0.008789	-0.000808	0.193359	0.000880	0.129883	0.000730	0.189453	-0.001323	0.052734	-0.001047	0.204102	0.129478	0.020508	0.082003	0.398438	-0.291972	0.102539	-0.119178	0.152344	0.000722	0.000189	
1	
0.357422	0.000913	0.047852	0.000468	0.344727	-0.000862	0.010742	-0.000741	0.248047	0.000896	0.140625	0.000431	0.196289	-0.000913	0.210938	-0.000754	0.051758	0.136884	0.016602	0.077979	0.206055	-0.271438	0.095703	-0.143333	0.145508	0.000656	0.000157	
1	
