71	27	4
0.681641	0.000107	0.070312	0.000084	0.017578	-0.000156	0.300781	-0.000142	0.119141	0.000133	0.641602	0.000129	0.025391	-0.000774	0.282227	-0.000280	0.074219	0.048333	0.680664	0.045740	0.336914	-0.140360	0.152344	-0.100276	0.101562	0.000105	0.000031	
1	-1	-1	-1	
0.715820	0.000259	0.068359	0.000041	0.246094	-0.000153	0.294922	-0.000150	0.164062	0.000269	0.152344	0.000210	0.026367	-0.000758	0.283203	-0.000367	0.052734	0.063458	0.027344	0.061402	0.314453	-0.164291	0.130859	-0.142104	0.180664	0.000148	0.000024	
1	-1	-1	-1	
0.729492	0.000254	0.059570	0.000074	0.301758	-0.000265	0.717773	-0.000165	0.316406	0.000210	0.037109	0.000109	0.655273	-0.000707	0.308594	-0.000240	0.055664	0.056812	0.333984	0.054234	0.728516	-0.143147	0.208984	-0.128469	0.159180	0.000147	0.000033	
1	-1	-1	-1	
0.742188	0.000274	0.059570	0.000061	0.267578	-0.000186	0.000000	-0.000156	0.725586	0.000200	0.137695	0.000152	0.029297	-0.000655	0.290039	-0.000318	0.055664	0.061670	0.030273	0.044477	0.729492	-0.151327	0.119141	-0.139958	0.168945	0.000155	0.000040	
1	-1	-1	-1	
0.717773	0.000279	0.036133	0.000110	0.086914	-0.000174	0.705078	-0.000151	0.203125	0.000233	0.243164	0.000212	0.016602	-0.000880	0.280273	-0.000247	0.042969	0.060436	0.693359	0.051227	0.311523	-0.150594	0.185547	-0.142905	0.134766	0.000166	0.000042	
1	-1	-1	-1	
0.695312	0.000301	0.024414	0.000106	0.074219	-0.000248	0.287109	-0.000156	0.168945	0.000265	0.008789	0.000160	0.098633	-0.000631	0.272461	-0.000310	0.036133	0.058588	0.692383	0.052971	0.300781	-0.149447	0.149414	-0.147286	0.099609	0.000185	0.000045	
1	-1	-1	-1	
0.730469	0.000401	0.054688	0.000119	0.104492	-0.000240	0.314453	-0.000240	0.707031	0.000318	0.035156	0.000221	0.728516	-0.000836	0.303711	-0.000323	0.057617	0.074756	0.350586	0.061017	0.702148	-0.159118	0.123047	-0.151950	0.172852	0.000205	0.000044	
1	-1	-1	-1	
0.762695	0.000376	0.031250	0.000181	0.761719	-0.000266	0.724609	-0.000185	0.321289	0.000330	0.753906	0.000253	0.001953	-0.001024	0.298828	-0.000415	0.027344	0.061077	0.728516	0.054818	0.001953	-0.165123	0.094727	-0.138658	0.144531	0.000206	0.000043	
1	-1	-1	-1	
0.640625	0.000350	0.014648	0.000083	0.064453	-0.000210	0.266602	-0.000188	0.638672	0.000217	0.084961	0.000217	0.208008	-0.001378	0.251953	-0.000387	0.013672	0.065711	0.243164	0.043196	0.000000	-0.168446	0.099609	-0.164989	0.149414	0.000199	0.000033	
1	-1	-1	-1	
0.776367	0.000288	0.061523	0.000086	0.111328	-0.000247	0.748047	-0.000243	0.343750	0.000233	0.773438	0.000207	0.027344	-0.000876	0.329102	-0.000302	0.068359	0.062969	0.753906	0.054565	0.358398	-0.137243	0.123047	-0.130522	0.218750	0.000193	0.000044	
1	-1	-1	-1	
0.661133	0.000351	0.035156	0.000076	0.313477	-0.000249	0.272461	-0.000227	0.659180	0.000321	0.283203	0.000264	0.094727	-0.001768	0.272461	-0.000343	0.031250	0.062686	0.261719	0.060943	0.659180	-0.169772	0.095703	-0.153708	0.145508	0.000198	0.000041	
1	-1	-1	-1	
0.719727	0.000363	0.053711	0.000074	0.254883	-0.000232	0.001953	-0.000197	0.713867	0.000309	0.031250	0.000175	0.108398	-0.001114	0.301758	-0.000368	0.052734	0.060987	0.000000	0.041687	0.717773	-0.155854	0.117188	-0.145572	0.166992	0.000207	0.000045	
1	-1	-1	-1	
0.755859	0.000299	0.065430	0.000092	0.754883	-0.000254	0.330078	-0.000192	0.000000	0.000305	0.754883	0.000213	0.035156	-0.001606	0.315430	-0.000320	0.065430	0.063532	0.358398	0.057542	0.305664	-0.156915	0.136719	-0.154591	0.186523	0.000171	0.000045	
1	-1	-1	-1	
0.603516	0.000094	0.245117	0.000069	0.000000	-0.000178	0.601562	-0.000163	0.222656	0.000208	0.256836	0.000120	0.549805	-0.000540	0.218750	-0.000240	0.000000	0.056486	0.237305	0.048975	0.601562	-0.123237	0.095703	-0.100617	0.045898	0.000157	0.000045	
-1	1	-1	-1	
0.632812	0.000274	0.061523	0.000089	0.111328	-0.000244	0.631836	-0.000243	0.187500	0.000267	0.039062	0.000248	0.234375	-0.001076	0.286133	-0.000378	0.060547	0.078316	0.304688	0.055815	0.040039	-0.186090	0.179688	-0.163351	0.129883	0.000210	0.000045	
-1	1	-1	-1	
0.691406	0.000367	0.080078	0.000097	0.231445	-0.000425	0.670898	-0.000396	0.013672	0.000264	0.153320	0.000198	0.046875	-0.001483	0.306641	-0.000378	0.064453	0.084604	0.670898	0.067587	0.324219	-0.196402	0.148438	-0.164633	0.198242	0.000261	0.000048	
-1	1	-1	-1	
0.624023	0.000435	0.039062	0.000285	0.623047	-0.000366	0.579102	-0.000252	0.226562	0.000427	0.189453	0.000247	0.004883	-0.000987	0.225586	-0.000468	0.027344	0.081445	0.250000	0.074948	0.585938	-0.207578	0.096680	-0.192870	0.146484	0.000261	0.000045	
-1	1	-1	-1	
0.583984	0.000428	0.579102	0.000375	0.017578	-0.000470	0.527344	-0.000284	0.135742	0.000472	0.165039	0.000257	0.552734	-0.001389	0.209961	-0.000536	0.575195	0.097598	0.224609	0.077436	0.525391	-0.207846	0.101562	-0.176598	0.051758	0.000290	0.000049	
-1	1	-1	-1	
0.539062	0.000468	0.001953	0.000064	0.220703	-0.000460	0.516602	-0.000327	0.116211	0.000438	0.145508	0.000170	0.057617	-0.001284	0.186523	-0.000409	0.000000	0.078867	0.204102	0.071029	0.525391	-0.226831	0.101562	-0.209456	0.050781	0.000311	0.000052	
-1	1	-1	-1	
0.581055	0.000433	0.044922	0.000360	0.579102	-0.000459	0.534180	-0.000319	0.153320	0.000774	0.182617	0.000305	0.234375	-0.001276	0.218750	-0.000532	0.029297	0.080834	0.235352	0.071148	0.554688	-0.239035	0.109375	-0.218814	0.159180	0.000294	0.000061	
-1	1	-1	-1	
0.550781	0.000482	0.000977	0.000192	0.549805	-0.000396	0.511719	-0.000348	0.126953	0.000638	0.153320	0.000308	0.208984	-0.001453	0.193359	-0.000523	0.000977	0.104213	0.207031	0.063116	0.538086	-0.236338	0.107422	-0.215163	0.057617	0.000303	0.000060	
-1	1	-1	-1	
0.532227	0.000402	0.021484	0.000117	0.167969	-0.000359	0.138672	-0.000314	0.231445	0.000515	0.242188	0.000413	0.175781	-0.002387	0.231445	-0.000501	0.009766	0.086630	0.220703	0.056366	0.270508	-0.218114	0.099609	-0.201350	0.149414	0.000273	0.000061	
-1	1	-1	-1	
0.597656	0.000442	0.074219	0.000131	0.500000	-0.000481	0.589844	-0.000451	0.018555	0.000368	0.226562	0.000240	0.043945	-0.001429	0.275391	-0.000539	0.066406	0.085036	0.290039	0.070800	0.592773	-0.231420	0.154297	-0.194302	0.204102	0.000304	0.000057	
-1	1	-1	-1	
0.501953	0.000468	0.047852	0.000130	0.303711	-0.000406	0.162109	-0.000405	0.000000	0.000859	0.188477	0.000497	0.244141	-0.002021	0.228516	-0.000566	0.040039	0.095744	0.220703	0.069667	0.000000	-0.257771	0.132812	-0.210981	0.083008	0.000325	0.000065	
-1	1	-1	-1	
0.612305	0.000478	0.072266	0.000108	0.225586	-0.000488	0.020508	-0.000471	0.582031	0.000575	0.225586	0.000324	0.285156	-0.001378	0.273438	-0.000535	0.072266	0.074450	0.261719	0.067819	0.589844	-0.239144	0.179688	-0.223290	0.129883	0.000332	0.000069	
-1	1	-1	-1	
0.563477	0.000488	0.028320	0.000092	0.247070	-0.000385	0.528320	-0.000354	0.147461	0.000585	0.172852	0.000274	0.000000	-0.001073	0.212891	-0.000550	0.020508	0.083585	0.229492	0.062500	0.000000	-0.240635	0.122070	-0.219445	0.072266	0.000313	0.000065	
-1	1	-1	-1	
0.522461	0.000433	0.020508	0.000099	0.195312	-0.000283	0.147461	-0.000233	0.239258	0.000512	0.176758	0.000184	0.238281	-0.001370	0.223633	-0.000502	0.016602	0.075419	0.241211	0.051383	0.000000	-0.227984	0.118164	-0.203352	0.068359	0.000290	0.000063	
-1	1	-1	-1	
0.572266	0.000394	0.082031	0.000080	0.249023	-0.000324	0.011719	-0.000296	0.197266	0.000407	0.227539	0.000206	0.141602	-0.001295	0.279297	-0.000439	0.071289	0.066910	0.269531	0.055377	0.046875	-0.223677	0.186523	-0.211548	0.136719	0.000280	0.000066	
-1	1	-1	-1	
0.591797	0.000525	0.085938	0.000126	0.226562	-0.000484	0.022461	-0.000388	0.197266	0.000810	0.222656	0.000278	0.149414	-0.001236	0.263672	-0.000535	0.070312	0.080468	0.037109	0.080006	0.281250	-0.233589	0.156250	-0.209285	0.206055	0.000351	0.000076	
-1	1	-1	-1	
0.563477	0.000439	0.059570	0.000106	0.203125	-0.000444	0.551758	-0.000356	0.000000	0.000728	0.203125	0.000344	0.280273	-0.001072	0.239258	-0.000469	0.047852	0.095592	0.251953	0.074358	0.559570	-0.231265	0.160156	-0.211133	0.109375	0.000312	0.000071	
-1	1	-1	-1	
0.507812	0.000436	0.021484	0.000131	0.166016	-0.000407	0.504883	-0.000306	0.136719	0.000711	0.166016	0.000227	0.084961	-0.001380	0.207031	-0.000474	0.010742	0.096223	0.219727	0.083036	0.506836	-0.227653	0.114258	-0.202441	0.064453	0.000321	0.000086	
-1	-1	1	-1	
0.511719	0.000459	0.059570	0.000243	0.189453	-0.000545	0.494141	-0.000543	0.167969	0.001313	0.189453	0.000620	0.239258	-0.001562	0.226562	-0.000572	0.044922	0.129244	0.237305	0.102288	0.508789	-0.273460	0.151367	-0.228190	0.101562	0.000400	0.000082	
-1	-1	1	-1	
0.491211	0.000542	0.038086	0.000142	0.164062	-0.000679	0.464844	-0.000620	0.145508	0.001335	0.166992	0.000593	0.216797	-0.001943	0.200195	-0.000528	0.022461	0.136278	0.212891	0.111095	0.000977	-0.284546	0.134766	-0.242540	0.084961	0.000434	0.000085	
-1	-1	1	-1	
0.456055	0.000562	0.032227	0.000529	0.207031	-0.000824	0.180664	-0.000728	0.453125	0.001439	0.154297	0.000290	0.090820	-0.001637	0.180664	-0.000617	0.017578	0.173411	0.190430	0.112853	0.453125	-0.283071	0.125000	-0.253313	0.074219	0.000454	0.000092	
-1	-1	1	-1	
0.463867	0.000580	0.044922	0.000178	0.170898	-0.000728	0.000000	-0.000618	0.144531	0.001172	0.169922	0.000451	0.219727	-0.001459	0.204102	-0.000665	0.033203	0.111303	0.000000	0.098012	0.192383	-0.288420	0.134766	-0.243612	0.084961	0.000443	0.000104	
-1	-1	1	-1	
0.464844	0.000538	0.068359	0.000168	0.386719	-0.000818	0.168945	-0.000611	0.013672	0.001512	0.186523	0.000648	0.236328	-0.001889	0.220703	-0.000659	0.056641	0.129466	0.231445	0.073810	0.021484	-0.341351	0.157227	-0.272418	0.107422	0.000509	0.000115	
-1	-1	1	-1	
0.467773	0.000542	0.072266	0.000296	0.194336	-0.000661	0.171875	-0.000629	0.015625	0.001488	0.190430	0.000455	0.240234	-0.001647	0.227539	-0.000649	0.056641	0.103628	0.217773	0.076925	0.018555	-0.331561	0.163086	-0.282283	0.113281	0.000462	0.000108	
-1	-1	1	-1	
0.478516	0.000571	0.072266	0.000184	0.187500	-0.000815	0.165039	-0.000636	0.012695	0.001637	0.183594	0.000429	0.233398	-0.002242	0.217773	-0.000615	0.053711	0.117590	0.226562	0.089025	0.476562	-0.342722	0.152344	-0.267977	0.101562	0.000535	0.000122	
-1	-1	1	-1	
0.500977	0.000560	0.045898	0.000515	0.499023	-0.000782	0.141602	-0.000616	0.452148	0.001727	0.159180	0.000410	0.208984	-0.002304	0.192383	-0.000588	0.488281	0.102212	0.182617	0.089561	0.000000	-0.342334	0.125000	-0.270153	0.075195	0.000484	0.000114	
-1	-1	1	-1	
0.437500	0.000539	0.001953	0.000227	0.124023	-0.000780	0.102539	-0.000671	0.405273	0.001582	0.124023	0.000639	0.173828	-0.002581	0.157227	-0.000436	0.000000	0.137558	0.149414	0.096848	0.422852	-0.336910	0.095703	-0.284443	0.045898	0.000523	0.000108	
-1	-1	1	-1	
0.401367	0.000576	0.024414	0.000215	0.186523	-0.001088	0.108398	-0.000694	0.160156	0.001838	0.130859	0.000384	0.193359	-0.002139	0.160156	-0.000588	0.004883	0.152638	0.170898	0.081061	0.399414	-0.383372	0.103516	-0.283728	0.052734	0.000600	0.000110	
-1	-1	1	-1	
0.447266	0.000592	0.051758	0.000201	0.166016	-0.000967	0.147461	-0.000646	0.444336	0.001898	0.166016	0.000329	0.232422	-0.002357	0.199219	-0.000543	0.041016	0.133155	0.208984	0.089510	0.017578	-0.366168	0.138672	-0.288056	0.088867	0.000579	0.000132	
-1	-1	1	-1	
0.483398	0.000547	0.053711	0.000256	0.167969	-0.000911	0.150391	-0.000664	0.451172	0.001821	0.164062	0.000648	0.213867	-0.002405	0.198242	-0.000596	0.038086	0.144853	0.208984	0.086500	0.465820	-0.364976	0.138672	-0.281902	0.088867	0.000529	0.000136	
-1	-1	1	-1	
0.438477	0.000620	0.020508	0.000251	0.187500	-0.000896	0.113281	-0.000880	0.166016	0.001754	0.135742	0.000370	0.202148	-0.002141	0.165039	-0.000577	0.005859	0.168486	0.173828	0.083117	0.409180	-0.360148	0.109375	-0.290142	0.058594	0.000574	0.000132	
-1	-1	1	-1	
0.385742	0.000598	0.028320	0.000266	0.142578	-0.000925	0.120117	-0.000484	0.171875	0.001777	0.138672	0.000443	0.208984	-0.001863	0.171875	-0.000613	0.012695	0.141708	0.179688	0.069617	0.000000	-0.363441	0.111328	-0.275822	0.061523	0.000576	0.000142	
-1	-1	1	-1	
0.445312	0.000607	0.079102	0.000360	0.198242	-0.000833	0.175781	-0.000610	0.242188	0.001997	0.194336	0.000607	0.244141	-0.002495	0.227539	-0.000545	0.068359	0.135152	0.221680	0.090970	0.044922	-0.347392	0.170898	-0.300782	0.121094	0.000546	0.000141	
-1	-1	1	-1	
0.451172	0.000607	0.083008	0.000281	0.193359	-0.000916	0.174805	-0.000636	0.027344	0.001904	0.193359	0.000421	0.259766	-0.002016	0.226562	-0.000613	0.068359	0.124960	0.234375	0.087334	0.047852	-0.358568	0.166992	-0.286163	0.117188	0.000541	0.000140	
-1	-1	1	-1	
0.420898	0.000602	0.068359	0.000179	0.175781	-0.001098	0.157227	-0.000692	0.011719	0.001911	0.175781	0.001074	0.225586	-0.002469	0.212891	-0.000622	0.053711	0.190288	0.221680	0.098735	0.419922	-0.380130	0.147461	-0.276597	0.096680	0.000608	0.000112	
-1	-1	1	-1	
0.484375	0.000525	0.083008	0.000185	0.202148	-0.000809	0.179688	-0.000693	0.024414	0.001600	0.202148	0.000309	0.275391	-0.001982	0.235352	-0.000570	0.068359	0.181123	0.243164	0.123411	0.046875	-0.296757	0.170898	-0.230655	0.120117	0.000499	0.000085	
-1	-1	1	-1	
0.602539	0.000587	0.601562	0.000511	0.056641	-0.000558	0.549805	-0.000291	0.004883	0.000522	0.297852	0.000374	0.208008	-0.001084	0.252930	-0.000595	0.590820	0.085448	0.264648	0.081022	0.566406	-0.239115	0.141602	-0.208105	0.091797	0.000469	0.000158	
-1	-1	-1	1	
0.401367	0.000587	0.000000	0.000277	0.128906	-0.000641	0.399414	-0.000592	0.106445	0.001283	0.128906	0.000429	0.206055	-0.001211	0.166016	-0.000491	0.399414	0.121598	0.173828	0.097309	0.400391	-0.304784	0.095703	-0.268917	0.045898	0.000511	0.000162	
-1	-1	-1	1	
0.457031	0.000620	0.057617	0.000470	0.164062	-0.001257	0.146484	-0.001209	0.211914	0.002483	0.164062	0.001299	0.213867	-0.003909	0.201172	-0.000622	0.039062	0.205625	0.209961	0.131373	0.441406	-0.404518	0.134766	-0.287871	0.084961	0.000750	0.000179	
-1	-1	-1	1	
0.365234	0.000577	0.019531	0.000497	0.178711	-0.001104	0.111328	-0.000758	0.161133	0.002550	0.125977	0.000509	0.193359	-0.002333	0.156250	-0.000698	0.000977	0.232313	0.163086	0.107188	0.363281	-0.390421	0.095703	-0.291403	0.045898	0.000711	0.000181	
-1	-1	-1	1	
0.399414	0.000639	0.066406	0.000327	0.221680	-0.001403	0.147461	-0.000983	0.018555	0.002323	0.166016	0.000768	0.215820	-0.003254	0.199219	-0.000740	0.048828	0.210468	0.208984	0.135262	0.029297	-0.412043	0.134766	-0.273685	0.084961	0.000738	0.000156	
-1	-1	-1	1	
0.434570	0.000627	0.055664	0.000457	0.211914	-0.001460	0.141602	-0.001148	0.015625	0.002564	0.156250	0.000973	0.206055	-0.003742	0.189453	-0.000691	0.041016	0.256111	0.199219	0.150461	0.021484	-0.447850	0.128906	-0.286843	0.079102	0.000818	0.000164	
-1	-1	-1	1	
0.334961	0.000617	0.022461	0.000431	0.175781	-0.001627	0.104492	-0.000714	0.164062	0.002794	0.119141	0.000678	0.168945	-0.003540	0.153320	-0.000743	0.003906	0.234063	0.160156	0.081877	0.333984	-0.459467	0.095703	-0.297944	0.045898	0.000862	0.000198	
-1	-1	-1	1	
0.440430	0.000646	0.078125	0.000483	0.233398	-0.001536	0.163086	-0.001081	0.037109	0.002861	0.177734	0.000847	0.227539	-0.003900	0.210938	-0.000704	0.062500	0.225703	0.219727	0.134702	0.042969	-0.452180	0.153320	-0.320454	0.103516	0.000840	0.000252	
-1	-1	-1	1	
0.389648	0.000659	0.027344	0.000453	0.179688	-0.001544	0.112305	-0.001146	0.373047	0.002811	0.126953	0.000661	0.190430	-0.003073	0.157227	-0.000755	0.012695	0.227506	0.167969	0.141482	0.379883	-0.449319	0.099609	-0.294318	0.049805	0.000880	0.000235	
-1	-1	-1	1	
0.375977	0.000701	0.171875	0.000669	0.024414	-0.001676	0.110352	-0.001087	0.366211	0.003005	0.125000	0.000591	0.179688	-0.002683	0.150391	-0.000719	0.009766	0.245075	0.159180	0.131990	0.374023	-0.470151	0.096680	-0.302573	0.046875	0.000912	0.000205	
-1	-1	-1	1	
0.399414	0.000650	0.034180	0.000567	0.182617	-0.001573	0.116211	-0.001021	0.167969	0.003184	0.130859	0.000812	0.185547	-0.002950	0.160156	-0.000736	0.015625	0.217060	0.168945	0.130276	0.000000	-0.460108	0.107422	-0.313644	0.057617	0.000852	0.000225	
-1	-1	-1	1	
0.363281	0.000689	0.019531	0.000477	0.176758	-0.001427	0.105469	-0.000931	0.360352	0.002742	0.124023	0.000502	0.183594	-0.003423	0.153320	-0.000746	0.004883	0.213261	0.161133	0.117849	0.362305	-0.445490	0.095703	-0.289594	0.044922	0.000814	0.000229	
-1	-1	-1	1	
0.384766	0.000667	0.044922	0.000370	0.200195	-0.001619	0.126953	-0.000990	0.000977	0.002833	0.144531	0.000717	0.207031	-0.003559	0.173828	-0.000697	0.030273	0.194277	0.184570	0.122691	0.013672	-0.461434	0.119141	-0.300621	0.069336	0.000899	0.000227	
-1	-1	-1	1	
0.392578	0.000684	0.052734	0.000479	0.199219	-0.001579	0.132812	-0.001043	0.006836	0.002923	0.147461	0.000686	0.207031	-0.003654	0.176758	-0.000762	0.033203	0.211026	0.186523	0.160637	0.390625	-0.458707	0.121094	-0.294869	0.071289	0.000813	0.000209	
-1	-1	-1	1	
0.409180	0.000600	0.046875	0.000403	0.199219	-0.001737	0.129883	-0.001104	0.387695	0.002883	0.147461	0.000801	0.206055	-0.004249	0.176758	-0.000751	0.032227	0.245366	0.186523	0.168967	0.011719	-0.423175	0.119141	-0.260618	0.068359	0.000868	0.000170	
-1	-1	-1	1	
0.334961	0.000617	0.022461	0.000615	0.169922	-0.001759	0.099609	-0.001156	0.149414	0.002941	0.118164	0.000495	0.180664	-0.003265	0.148438	-0.000740	0.007812	0.270727	0.156250	0.103164	0.333984	-0.438568	0.095703	-0.259203	0.045898	0.000914	0.000158	
-1	-1	-1	1	
0.462891	0.000613	0.080078	0.000338	0.233398	-0.001657	0.155273	-0.001076	0.032227	0.002511	0.173828	0.001797	0.223633	-0.003731	0.209961	-0.000688	0.061523	0.273842	0.219727	0.161561	0.042969	-0.429836	0.154297	-0.264701	0.103516	0.000797	0.000165	
-1	-1	-1	1	
0.412109	0.000648	0.021484	0.000318	0.127930	-0.001235	0.109375	-0.000839	0.172852	0.002312	0.127930	0.001026	0.177734	-0.002888	0.165039	-0.000595	0.009766	0.227141	0.173828	0.095668	0.394531	-0.368458	0.096680	-0.254092	0.045898	0.000697	0.000149	
-1	-1	-1	1	
0.431641	0.000622	0.028320	0.000220	0.190430	-0.001214	0.108398	-0.000661	0.403320	0.002150	0.130859	0.000791	0.180664	-0.003209	0.164062	-0.000618	0.012695	0.160233	0.155273	0.097052	0.418945	-0.397607	0.104492	-0.267937	0.053711	0.000687	0.000168	
-1	-1	-1	1	
0.393555	0.000624	0.019531	0.000223	0.177734	-0.001385	0.100586	-0.000743	0.378906	0.002240	0.118164	0.001212	0.167969	-0.002816	0.155273	-0.000626	0.004883	0.173316	0.147461	0.096978	0.384766	-0.408753	0.095703	-0.275104	0.045898	0.000731	0.000174	
-1	-1	-1	1	
0.425781	0.000632	0.031250	0.000273	0.417969	-0.001422	0.116211	-0.000810	0.388672	0.002543	0.134766	0.000920	0.184570	-0.003718	0.167969	-0.000629	0.020508	0.205458	0.161133	0.110270	0.413086	-0.421851	0.111328	-0.293507	0.061523	0.000742	0.000174	
-1	-1	-1	1	
0.349609	0.000667	0.018555	0.000241	0.179688	-0.001532	0.100586	-0.000566	0.152344	0.002404	0.119141	0.000663	0.168945	-0.002888	0.152344	-0.000724	0.006836	0.176937	0.143555	0.075565	0.344727	-0.431462	0.095703	-0.289752	0.045898	0.000837	0.000159	
-1	-1	-1	1	
