252	39	5
0.622070	0.000323	0.037109	0.000093	0.200195	-0.000262	0.581055	-0.000233	0.245117	0.000282	0.204102	0.000225	0.081055	-0.000906	0.245117	-0.000458	0.026367	0.062383	0.607422	0.057004	0.264648	-0.183337	0.095703	-0.166156	0.145508	0.000123	0.000123	0.038781	0.038781	0.000323	0.000323	-0.000103	-0.000103	-0.000239	-0.000239	-0.131715	-0.131715	0.000196	0.000054	
1	-1	-1	-1	-1	
0.646484	0.000329	0.044922	0.000073	0.328125	-0.000231	0.269531	-0.000170	0.180664	0.000228	0.206055	0.000214	0.092773	-0.001108	0.265625	-0.000452	0.037109	0.066645	0.284180	0.057197	0.011719	-0.183725	0.096680	-0.168794	0.150391	0.000118	0.000118	0.044767	0.044767	0.000329	0.000329	-0.000100	-0.000100	-0.000241	-0.000241	-0.131586	-0.131586	0.000214	0.000050	
1	-1	-1	-1	-1	
0.712891	0.000377	0.063477	0.000166	0.113281	-0.000352	0.307617	-0.000249	0.681641	0.000239	0.710938	0.000222	0.159180	-0.001535	0.303711	-0.000512	0.074219	0.063620	0.292969	0.056959	0.682617	-0.187226	0.161133	-0.175261	0.210938	0.000108	0.000108	0.043011	0.043011	0.000377	0.000377	-0.000135	-0.000135	-0.000288	-0.000288	-0.135647	-0.135647	0.000216	0.000046	
1	-1	-1	-1	-1	
0.680664	0.000452	0.031250	0.000072	0.309570	-0.000288	0.651367	-0.000245	0.268555	0.000269	0.001953	0.000238	0.086914	-0.001191	0.264648	-0.000527	0.024414	0.063144	0.655273	0.056482	0.001953	-0.180983	0.095703	-0.164323	0.145508	0.000111	0.000111	0.036237	0.036237	0.000452	0.000452	-0.000109	-0.000109	-0.000202	-0.000202	-0.128298	-0.128298	0.000223	0.000044	
1	-1	-1	-1	-1	
0.639648	0.000399	0.018555	0.000132	0.068359	-0.000297	0.253906	-0.000155	0.166016	0.000277	0.003906	0.000268	0.091797	-0.001342	0.257812	-0.000502	0.026367	0.057884	0.246094	0.052743	0.000000	-0.174097	0.095703	-0.166155	0.145508	0.000107	0.000107	0.037306	0.037306	0.000399	0.000399	-0.000096	-0.000096	-0.000286	-0.000286	-0.131019	-0.131019	0.000249	0.000047	
1	-1	-1	-1	-1	
0.666016	0.000412	0.067383	0.000157	0.117188	-0.000288	0.291992	-0.000251	0.210938	0.000315	0.048828	0.000280	0.248047	-0.001010	0.291992	-0.000416	0.075195	0.075125	0.307617	0.055545	0.665039	-0.190831	0.198242	-0.171072	0.148438	0.000123	0.000123	0.045874	0.045874	0.000412	0.000412	-0.000128	-0.000128	-0.000256	-0.000256	-0.135998	-0.135998	0.000228	0.000050	
1	-1	-1	-1	-1	
0.683594	0.000391	0.049805	0.000162	0.099609	-0.000258	0.278320	-0.000257	0.000977	0.000273	0.034180	0.000234	0.226562	-0.001122	0.278320	-0.000452	0.060547	0.064828	0.296875	0.058570	0.682617	-0.181652	0.155273	-0.163309	0.105469	0.000111	0.000111	0.044394	0.044394	0.000391	0.000391	-0.000131	-0.000131	-0.000280	-0.000280	-0.136130	-0.136130	0.000230	0.000048	
1	-1	-1	-1	-1	
0.683594	0.000423	0.046875	0.000153	0.096680	-0.000222	0.295898	-0.000201	0.184570	0.000281	0.032227	0.000197	0.221680	-0.000861	0.277344	-0.000459	0.058594	0.062638	0.295898	0.058570	0.000000	-0.182725	0.151367	-0.156603	0.101562	0.000100	0.000100	0.040686	0.040686	0.000423	0.000423	-0.000121	-0.000121	-0.000217	-0.000217	-0.136537	-0.136537	0.000216	0.000038	
1	-1	-1	-1	-1	
0.438477	0.000469	0.032227	0.000217	0.151367	-0.000580	0.192383	-0.000493	0.132812	0.001041	0.203125	0.000962	0.151367	-0.001766	0.191406	-0.000595	0.017578	0.127563	0.204102	0.058854	0.000000	-0.285587	0.107422	-0.228456	0.057617	0.000310	0.000310	0.069366	0.069366	0.000469	0.000469	-0.000255	-0.000255	-0.000504	-0.000504	-0.199430	-0.199430	0.000389	0.000095	
1	-1	-1	-1	-1	
0.497070	0.000477	0.086914	0.000279	0.205078	-0.000633	0.028320	-0.000589	0.182617	0.001228	0.253906	0.001006	0.201172	-0.002107	0.242188	-0.000575	0.072266	0.130334	0.250977	0.075036	0.049805	-0.309667	0.175781	-0.267646	0.125000	0.000363	0.000363	0.064114	0.064114	0.000477	0.000477	-0.000353	-0.000353	-0.000358	-0.000358	-0.213023	-0.213023	0.000433	0.000093	
1	-1	-1	-1	-1	
0.529297	0.000445	0.075195	0.000321	0.519531	-0.000750	0.218750	-0.000701	0.489258	0.001344	0.185547	0.000902	0.235352	-0.001869	0.218750	-0.000554	0.051758	0.125313	0.231445	0.083709	0.510742	-0.307372	0.142578	-0.239751	0.092773	0.000391	0.000391	0.065007	0.065007	0.000445	0.000445	-0.000364	-0.000364	-0.000378	-0.000378	-0.215700	-0.215700	0.000483	0.000105	
1	-1	-1	-1	-1	
0.483398	0.000492	0.007812	0.000321	0.471680	-0.000669	0.437500	-0.000639	0.108398	0.001113	0.133789	0.001051	0.186523	-0.001917	0.174805	-0.000604	0.007812	0.112900	0.185547	0.085154	0.461914	-0.310904	0.095703	-0.248274	0.045898	0.000375	0.000375	0.058900	0.058900	0.000492	0.000492	-0.000270	-0.000270	-0.000427	-0.000427	-0.200655	-0.200655	0.000467	0.000091	
1	-1	-1	-1	-1	
0.478516	0.000491	0.009766	0.000346	0.469727	-0.000652	0.114258	-0.000643	0.435547	0.001320	0.131836	0.001110	0.181641	-0.002153	0.168945	-0.000609	0.001953	0.118026	0.179688	0.080356	0.456055	-0.311098	0.095703	-0.252536	0.045898	0.000384	0.000384	0.060994	0.060994	0.000491	0.000491	-0.000262	-0.000262	-0.000424	-0.000424	-0.197390	-0.197390	0.000450	0.000093	
1	-1	-1	-1	-1	
0.495117	0.000477	0.024414	0.000449	0.494141	-0.000701	0.171875	-0.000669	0.438477	0.001180	0.182617	0.001130	0.130859	-0.002212	0.171875	-0.000628	0.004883	0.139648	0.180664	0.076343	0.462891	-0.308430	0.096680	-0.245726	0.046875	0.000357	0.000357	0.063505	0.063505	0.000477	0.000477	-0.000255	-0.000255	-0.000402	-0.000402	-0.188760	-0.188760	0.000446	0.000084	
1	-1	-1	-1	-1	
0.464844	0.000495	0.006836	0.000147	0.125000	-0.000538	0.460938	-0.000535	0.098633	0.000993	0.125000	0.000929	0.180664	-0.002043	0.168945	-0.000474	0.000000	0.124101	0.177734	0.070040	0.456055	-0.293116	0.103516	-0.262465	0.053711	0.000312	0.000312	0.060413	0.060413	0.000495	0.000495	-0.000239	-0.000239	-0.000420	-0.000420	-0.210048	-0.210048	0.000415	0.000073	
1	-1	-1	-1	-1	
0.461914	0.000466	0.055664	0.000302	0.176758	-0.000739	0.210938	-0.000576	0.155273	0.001193	0.176758	0.000766	0.226562	-0.001817	0.209961	-0.000605	0.040039	0.136797	0.220703	0.068282	0.000000	-0.304232	0.147461	-0.262286	0.096680	0.000335	0.000335	0.068654	0.068654	0.000466	0.000466	-0.000318	-0.000318	-0.000398	-0.000398	-0.205972	-0.205972	0.000410	0.000085	
1	-1	-1	-1	-1	
0.502930	0.000446	0.078125	0.000261	0.204102	-0.000600	0.022461	-0.000554	0.185547	0.001105	0.204102	0.000759	0.253906	-0.001745	0.241211	-0.000647	0.070312	0.106339	0.252930	0.077416	0.042969	-0.292848	0.170898	-0.251453	0.121094	0.000285	0.000285	0.063098	0.063098	0.000446	0.000446	-0.000301	-0.000301	-0.000379	-0.000379	-0.204073	-0.204073	0.000401	0.000077	
1	-1	-1	-1	-1	
0.538086	0.000438	0.093750	0.000191	0.208984	-0.000605	0.512695	-0.000582	0.246094	0.001048	0.208984	0.000870	0.260742	-0.001746	0.246094	-0.000626	0.071289	0.117411	0.257812	0.078310	0.511719	-0.303681	0.181641	-0.258620	0.131836	0.000331	0.000331	0.064147	0.064147	0.000438	0.000438	-0.000300	-0.000300	-0.000363	-0.000363	-0.207700	-0.207700	0.000408	0.000088	
1	-1	-1	-1	-1	
0.538086	0.000512	0.033203	0.000194	0.163086	-0.000498	0.200195	-0.000459	0.132812	0.000928	0.163086	0.000911	0.214844	-0.001686	0.204102	-0.000620	0.022461	0.109379	0.212891	0.064631	0.000977	-0.275846	0.096680	-0.241886	0.146484	0.000278	0.000278	0.053090	0.053090	0.000512	0.000512	-0.000221	-0.000221	-0.000449	-0.000449	-0.182543	-0.182543	0.000386	0.000076	
1	-1	-1	-1	-1	
0.408203	0.000608	0.023438	0.000405	0.130859	-0.001062	0.112305	-0.000839	0.385742	0.001961	0.130859	0.000544	0.197266	-0.002143	0.164062	-0.000570	0.008789	0.154557	0.173828	0.096190	0.407227	-0.401524	0.095703	-0.281108	0.044922	0.000676	0.000676	0.081940	0.081940	0.000608	0.000608	-0.000381	-0.000381	-0.000462	-0.000462	-0.263760	-0.263760	0.000651	0.000153	
1	-1	-1	-1	-1	
0.414062	0.000581	0.034180	0.000537	0.137695	-0.001142	0.119141	-0.000887	0.393555	0.002012	0.137695	0.000484	0.204102	-0.002084	0.166992	-0.000605	0.014648	0.170606	0.177734	0.104519	0.000977	-0.400079	0.102539	-0.273315	0.052734	0.000598	0.000598	0.086974	0.086974	0.000581	0.000581	-0.000407	-0.000407	-0.000512	-0.000512	-0.257981	-0.257981	0.000687	0.000153	
1	-1	-1	-1	-1	
0.427734	0.000625	0.035156	0.000485	0.138672	-0.001126	0.120117	-0.000837	0.400391	0.002177	0.138672	0.000502	0.188477	-0.002879	0.171875	-0.000563	0.020508	0.157016	0.180664	0.101807	0.002930	-0.395072	0.109375	-0.291270	0.059570	0.000653	0.000653	0.077966	0.077966	0.000625	0.000625	-0.000367	-0.000367	-0.000539	-0.000539	-0.264713	-0.264713	0.000663	0.000163	
1	-1	-1	-1	-1	
0.400391	0.000572	0.024414	0.000422	0.131836	-0.001090	0.157227	-0.000931	0.375977	0.001898	0.127930	0.000375	0.000000	-0.002066	0.157227	-0.000669	0.009766	0.170636	0.166016	0.114935	0.397461	-0.387904	0.095703	-0.275445	0.045898	0.000661	0.000661	0.078658	0.078658	0.000572	0.000572	-0.000379	-0.000379	-0.000466	-0.000466	-0.260553	-0.260553	0.000675	0.000156	
1	-1	-1	-1	-1	
0.372070	0.000585	0.027344	0.000514	0.130859	-0.001091	0.112305	-0.000982	0.162109	0.002274	0.130859	0.000459	0.190430	-0.002916	0.161133	-0.000622	0.012695	0.204849	0.168945	0.107678	0.000000	-0.399766	0.101562	-0.290734	0.050781	0.000796	0.000796	0.100569	0.100569	0.000585	0.000585	-0.000404	-0.000404	-0.000496	-0.000496	-0.270667	-0.270667	0.000640	0.000164	
1	-1	-1	-1	-1	
0.431641	0.000591	0.059570	0.000398	0.163086	-0.001182	0.144531	-0.000940	0.007812	0.002219	0.162109	0.000579	0.225586	-0.002487	0.192383	-0.000631	0.043945	0.201139	0.201172	0.111612	0.029297	-0.416857	0.130859	-0.279186	0.081055	0.000812	0.000812	0.098528	0.098528	0.000591	0.000591	-0.000500	-0.000500	-0.000411	-0.000411	-0.270956	-0.270956	0.000725	0.000176	
1	-1	-1	-1	-1	
0.399414	0.000575	0.035156	0.000568	0.138672	-0.001167	0.120117	-0.000991	0.390625	0.002173	0.138672	0.000599	0.188477	-0.002846	0.171875	-0.000683	0.019531	0.177043	0.180664	0.112223	0.006836	-0.407529	0.104492	-0.270901	0.053711	0.000801	0.000801	0.098586	0.098586	0.000575	0.000575	-0.000389	-0.000389	-0.000480	-0.000480	-0.266911	-0.266911	0.000707	0.000178	
1	-1	-1	-1	-1	
0.404297	0.000733	0.134766	0.000606	0.031250	-0.001430	0.116211	-0.001078	0.166016	0.002491	0.134766	0.000446	0.190430	-0.001911	0.164062	-0.000666	0.016602	0.207289	0.170898	0.125601	0.003906	-0.429140	0.103516	-0.279681	0.053711	0.000862	0.000862	0.096561	0.096561	0.000733	0.000733	-0.000496	-0.000496	-0.000404	-0.000404	-0.277517	-0.277517	0.000768	0.000170	
1	-1	-1	-1	-1	
0.372070	0.000574	0.026367	0.000527	0.129883	-0.001169	0.159180	-0.000993	0.107422	0.002281	0.129883	0.000415	0.189453	-0.002550	0.159180	-0.000605	0.007812	0.203295	0.166016	0.079631	0.370117	-0.405775	0.095703	-0.277103	0.045898	0.000728	0.000728	0.100747	0.100747	0.000574	0.000574	-0.000450	-0.000450	-0.000510	-0.000510	-0.267475	-0.267475	0.000701	0.000167	
1	-1	-1	-1	-1	
0.402344	0.000613	0.061523	0.000497	0.168945	-0.001031	0.146484	-0.000883	0.009766	0.002027	0.165039	0.000559	0.214844	-0.002379	0.198242	-0.000627	0.049805	0.173344	0.207031	0.095083	0.032227	-0.396983	0.130859	-0.271277	0.081055	0.000676	0.000676	0.073198	0.073198	0.000613	0.000613	-0.000512	-0.000512	-0.000399	-0.000399	-0.264590	-0.264590	0.000683	0.000174	
1	-1	-1	-1	-1	
0.431641	0.000555	0.070312	0.000455	0.173828	-0.001088	0.155273	-0.000894	0.426758	0.002089	0.173828	0.000742	0.223633	-0.002315	0.207031	-0.000627	0.055664	0.152021	0.216797	0.100761	0.039062	-0.405074	0.141602	-0.274287	0.090820	0.000657	0.000657	0.077860	0.077860	0.000555	0.000555	-0.000476	-0.000476	-0.000428	-0.000428	-0.263255	-0.263255	0.000666	0.000174	
1	-1	-1	-1	-1	
0.419922	0.000561	0.041992	0.000521	0.146484	-0.001061	0.127930	-0.000992	0.394531	0.002072	0.146484	0.000537	0.196289	-0.002585	0.178711	-0.000761	0.031250	0.180556	0.187500	0.109299	0.416992	-0.398592	0.115234	-0.271038	0.065430	0.000808	0.000808	0.086905	0.086905	0.000561	0.000561	-0.000475	-0.000475	-0.000452	-0.000452	-0.266285	-0.266285	0.000677	0.000177	
1	-1	-1	-1	-1	
0.419922	0.000602	0.026367	0.000465	0.129883	-0.001106	0.111328	-0.000960	0.381836	0.002216	0.129883	0.000460	0.189453	-0.002964	0.160156	-0.000727	0.011719	0.193416	0.169922	0.107392	0.404297	-0.412257	0.095703	-0.283689	0.044922	0.000736	0.000736	0.080127	0.080127	0.000602	0.000602	-0.000396	-0.000396	-0.000531	-0.000531	-0.266146	-0.266146	0.000719	0.000183	
1	-1	-1	-1	-1	
0.343750	0.000713	0.130859	0.000490	0.045898	-0.001542	0.341797	-0.001435	0.164062	0.003176	0.166992	0.001452	0.115234	-0.002733	0.156250	-0.001046	0.019531	0.263355	0.163086	0.155068	0.005859	-0.438222	0.095703	-0.305900	0.045898	0.001269	0.001269	0.126537	0.126537	0.000713	0.000713	-0.000562	-0.000562	-0.000557	-0.000557	0.000000	0.000000	0.000935	0.000260	
1	-1	-1	-1	-1	
0.349609	0.000893	0.130859	0.000574	0.031250	-0.001791	0.164062	-0.001578	0.345703	0.003401	0.164062	0.001247	0.112305	-0.002999	0.156250	-0.000920	0.016602	0.314942	0.165039	0.182188	0.005859	-0.470006	0.095703	-0.289851	0.045898	0.001198	0.001198	0.144430	0.144430	0.000893	0.000893	-0.000727	-0.000727	-0.000595	-0.000595	-0.314132	-0.314132	0.000991	0.000266	
1	-1	-1	-1	-1	
0.355469	0.000942	0.128906	0.000580	0.033203	-0.002268	0.166016	-0.001522	0.000000	0.003867	0.169922	0.001523	0.118164	-0.002892	0.162109	-0.000874	0.336914	0.271520	0.168945	0.182382	0.005859	-0.484177	0.095703	-0.291475	0.044922	0.001284	0.001284	0.123357	0.123357	0.000942	0.000942	-0.000789	-0.000789	-0.000497	-0.000497	-0.318460	-0.318460	0.001050	0.000264	
1	-1	-1	-1	-1	
0.345703	0.000886	0.125000	0.000574	0.174805	-0.001661	0.162109	-0.001367	0.111328	0.003866	0.162109	0.001537	0.103516	-0.003622	0.155273	-0.000903	0.333008	0.280729	0.163086	0.173292	0.003906	-0.490167	0.095703	-0.298225	0.045898	0.001442	0.001442	0.132127	0.132127	0.000886	0.000886	-0.000642	-0.000642	-0.000518	-0.000518	-0.316432	-0.316432	0.000928	0.000267	
1	-1	-1	-1	-1	
0.328125	0.000867	0.131836	0.000572	0.045898	-0.001486	0.116211	-0.001445	0.168945	0.003487	0.171875	0.001816	0.120117	-0.002787	0.161133	-0.000950	0.016602	0.296420	0.168945	0.182575	0.005859	-0.478336	0.109375	-0.344181	0.059570	0.001321	0.001321	0.123055	0.123055	0.000867	0.000867	-0.000707	-0.000707	-0.000372	-0.000372	-0.318051	-0.318051	0.001003	0.000283	
1	-1	-1	-1	-1	
0.322266	0.000814	0.155273	0.000598	0.059570	-0.001599	0.025391	-0.001377	0.188477	0.003229	0.192383	0.001652	0.140625	-0.002788	0.185547	-0.001015	0.040039	0.255934	0.190430	0.189683	0.031250	-0.480005	0.126953	-0.326657	0.077148	0.001046	0.001046	0.125076	0.125076	0.000814	0.000814	-0.000700	-0.000700	-0.000397	-0.000397	-0.329211	-0.329211	0.000934	0.000249	
1	-1	-1	-1	-1	
0.372070	0.000768	0.178711	0.000597	0.228516	-0.001876	0.215820	-0.001573	0.048828	0.003531	0.215820	0.001624	0.164062	-0.003169	0.208008	-0.001067	0.067383	0.289551	0.215820	0.171876	0.055664	-0.467398	0.151367	-0.328072	0.101562	0.001118	0.001118	0.101398	0.101398	0.000768	0.000768	-0.000611	-0.000611	-0.000325	-0.000325	-0.329240	-0.329240	0.000982	0.000270	
1	-1	-1	-1	-1	
0.387695	0.001009	0.155273	0.000725	0.205078	-0.001643	0.188477	-0.001476	0.025391	0.003407	0.191406	0.001221	0.132812	-0.002997	0.184570	-0.000892	0.043945	0.294215	0.191406	0.170416	0.384766	-0.480243	0.130859	-0.338935	0.081055	0.001190	0.001190	0.128888	0.128888	0.001009	0.001009	-0.000742	-0.000742	-0.000505	-0.000505	-0.312870	-0.312870	0.000972	0.000267	
1	-1	-1	-1	-1	
0.330078	0.000872	0.123047	0.000588	0.026367	-0.001466	0.104492	-0.001252	0.160156	0.003100	0.160156	0.001423	0.108398	-0.003126	0.152344	-0.000806	0.007812	0.269977	0.159180	0.153786	0.000000	-0.461521	0.095703	-0.295954	0.044922	0.001270	0.001270	0.125504	0.125504	0.000872	0.000872	-0.000583	-0.000583	-0.000523	-0.000523	-0.292877	-0.292877	0.000884	0.000244	
1	-1	-1	-1	-1	
0.328125	0.000858	0.148438	0.000556	0.051758	-0.001528	0.178711	-0.001394	0.010742	0.003601	0.181641	0.001520	0.129883	-0.003159	0.174805	-0.000801	0.033203	0.302849	0.180664	0.169871	0.021484	-0.461148	0.115234	-0.260877	0.065430	0.001254	0.001254	0.122585	0.122585	0.000858	0.000858	-0.000767	-0.000767	-0.000340	-0.000340	-0.288875	-0.288875	0.001051	0.000283	
1	-1	-1	-1	-1	
0.399414	0.000967	0.168945	0.000606	0.080078	-0.001631	0.150391	-0.001565	0.202148	0.003096	0.172852	0.000789	0.222656	-0.002771	0.195312	-0.001017	0.379883	0.295607	0.203125	0.189138	0.398438	-0.468092	0.139648	-0.282990	0.088867	0.001194	0.001194	0.123777	0.123777	0.000967	0.000967	-0.000737	-0.000737	-0.000399	-0.000399	-0.294363	-0.294363	0.000993	0.000268	
1	-1	-1	-1	-1	
0.295898	0.000841	0.125000	0.000559	0.025391	-0.001465	0.102539	-0.001412	0.154297	0.002848	0.125000	0.000779	0.174805	-0.002063	0.150391	-0.001051	0.009766	0.254957	0.157227	0.196768	0.000977	-0.467660	0.095703	-0.310974	0.044922	0.001267	0.001267	0.111496	0.111496	0.000841	0.000841	-0.000582	-0.000582	-0.000377	-0.000377	-0.303088	-0.303088	0.001064	0.000263	
1	-1	-1	-1	-1	
0.392578	0.000799	0.172852	0.000579	0.222656	-0.001658	0.384766	-0.001623	0.040039	0.003044	0.172852	0.000754	0.232422	-0.002464	0.199219	-0.001096	0.058594	0.277443	0.207031	0.201745	0.046875	-0.479968	0.144531	-0.317680	0.094727	0.001258	0.001258	0.120424	0.120424	0.000799	0.000799	-0.000685	-0.000685	-0.000355	-0.000355	-0.321922	-0.321922	0.000991	0.000274	
1	-1	-1	-1	-1	
0.344727	0.001025	0.122070	0.000550	0.036133	-0.001610	0.106445	-0.001598	0.336914	0.004051	0.159180	0.001408	0.106445	-0.003760	0.151367	-0.000917	0.325195	0.312475	0.158203	0.202222	0.342773	-0.461655	0.095703	-0.323551	0.045898	0.001532	0.001532	0.128833	0.128833	0.001025	0.001025	-0.000725	-0.000725	-0.000499	-0.000499	-0.313767	-0.313767	0.001082	0.000271	
1	-1	-1	-1	-1	
0.302734	0.000833	0.125977	0.000533	0.036133	-0.001653	0.155273	-0.001390	0.000000	0.003751	0.155273	0.001574	0.102539	-0.003278	0.147461	-0.001137	0.010742	0.315307	0.156250	0.216929	0.000000	-0.471579	0.095703	-0.311243	0.045898	0.001497	0.001497	0.109348	0.109348	0.000833	0.000833	-0.000632	-0.000632	-0.000505	-0.000505	-0.313736	-0.313736	0.001083	0.000274	
1	-1	-1	-1	-1	
0.302734	0.000965	0.156250	0.000748	0.206055	-0.001993	0.193359	-0.001575	0.137695	0.004725	0.193359	0.001555	0.141602	-0.004007	0.185547	-0.000986	0.044922	0.345064	0.193359	0.213427	0.033203	-0.482800	0.125000	-0.270950	0.075195	0.000837	0.000837	0.142395	0.142395	0.000965	0.000965	-0.000825	-0.000825	-0.000389	-0.000389	-0.341764	-0.341764	0.001090	0.000267	
1	-1	-1	-1	-1	
0.548828	0.001849	0.462891	0.001015	0.164062	-0.003636	0.452148	-0.002087	0.152344	0.002220	0.407227	0.002149	0.108398	-0.001039	0.281250	-0.000662	0.547852	0.246074	0.456055	0.206571	0.163086	-0.456158	0.385742	-0.445355	0.086914	0.000721	0.000721	0.094029	0.094029	0.001849	0.001849	-0.000477	-0.000477	-0.000309	-0.000309	0.000000	0.000000	0.001185	0.000398	
-1	1	-1	-1	-1	
0.328125	0.001592	0.207031	0.000845	0.088867	-0.003223	0.196289	-0.000956	0.262695	0.002292	0.155273	0.001348	0.209961	-0.001067	0.028320	-0.001016	0.322266	0.249934	0.199219	0.143822	0.029297	-0.476543	0.130859	-0.184957	0.081055	0.000925	0.000925	0.101649	0.101649	0.001592	0.001592	-0.000356	-0.000356	-0.000436	-0.000436	-0.310198	-0.310198	0.001259	0.000376	
-1	1	-1	-1	-1	
0.290039	0.001650	0.168945	0.000760	0.049805	-0.004881	0.157227	-0.000966	0.227539	0.002393	0.112305	0.002167	0.171875	-0.001030	0.283203	-0.000980	0.000000	0.276607	0.161133	0.130993	0.000977	-0.502143	0.095703	-0.233833	0.045898	0.001393	0.001393	0.079132	0.079132	0.001650	0.001650	-0.000460	-0.000460	-0.000296	-0.000296	-0.324426	-0.324426	0.001530	0.000398	
-1	1	-1	-1	-1	
0.262695	0.001460	0.174805	0.000821	0.052734	-0.003896	0.164062	-0.000833	0.231445	0.002275	0.119141	0.001825	0.178711	-0.001011	0.000000	-0.000552	0.252930	0.254151	0.166992	0.125419	0.000000	-0.462849	0.095703	-0.177089	0.045898	0.000745	0.000745	0.078521	0.078521	0.001460	0.001460	-0.000199	-0.000199	-0.000354	-0.000354	-0.322794	-0.322794	0.001369	0.000391	
-1	1	-1	-1	-1	
0.291992	0.001443	0.208984	0.000943	0.086914	-0.002877	0.194336	-0.000993	0.256836	0.002315	0.149414	0.001474	0.208984	-0.000959	0.027344	-0.000643	0.279297	0.248354	0.207031	0.139412	0.031250	-0.475664	0.126953	-0.185553	0.077148	0.000488	0.000488	0.098865	0.098865	0.001443	0.001443	-0.000357	-0.000357	-0.000423	-0.000423	-0.338519	-0.338519	0.001267	0.000385	
-1	1	-1	-1	-1	
0.322266	0.001767	0.206055	0.000932	0.080078	-0.003404	0.195312	-0.000928	0.257812	0.002444	0.150391	0.001951	0.206055	-0.000974	0.309570	-0.000961	0.032227	0.251856	0.197266	0.145000	0.319336	-0.494618	0.129883	-0.186104	0.079102	0.001322	0.001322	0.099158	0.099158	0.001767	0.001767	-0.000315	-0.000315	-0.000394	-0.000394	-0.342412	-0.342412	0.001542	0.000396	
-1	1	-1	-1	-1	
0.244141	0.001549	0.173828	0.000978	0.050781	-0.004384	0.162109	-0.001021	0.225586	0.002395	0.114258	0.001795	0.176758	-0.000812	0.000000	-0.000560	0.240234	0.263717	0.165039	0.143957	0.000000	-0.509877	0.095703	-0.187192	0.044922	0.000945	0.000945	0.091792	0.091792	0.001549	0.001549	-0.000366	-0.000366	-0.000336	-0.000336	-0.363688	-0.363688	0.001379	0.000417	
-1	1	-1	-1	-1	
0.297852	0.001768	0.214844	0.000957	0.096680	-0.004219	0.203125	-0.001135	0.266602	0.002432	0.159180	0.002391	0.218750	-0.001001	0.040039	-0.000666	0.289062	0.264015	0.207031	0.153329	0.046875	-0.500861	0.137695	-0.171367	0.086914	0.000463	0.000463	0.111417	0.111417	0.001768	0.001768	-0.000431	-0.000431	-0.000425	-0.000425	-0.311704	-0.311704	0.001347	0.000408	
-1	1	-1	-1	-1	
0.327148	0.001881	0.209961	0.000994	0.087891	-0.003664	0.198242	-0.001216	0.261719	0.002491	0.191406	0.000679	0.138672	-0.000981	0.325195	-0.000945	0.020508	0.251305	0.201172	0.168424	0.326172	-0.491891	0.133789	-0.205148	0.083008	0.001065	0.001065	0.115646	0.115646	0.001881	0.001881	-0.000319	-0.000319	-0.000397	-0.000397	-0.340764	-0.340764	0.001383	0.000363	
-1	1	-1	-1	-1	
0.292969	0.001535	0.171875	0.001013	0.049805	-0.003549	0.161133	-0.000929	0.223633	0.002556	0.116211	0.001885	0.175781	-0.000981	0.000000	-0.000971	0.287109	0.260544	0.166016	0.168424	0.000000	-0.503826	0.095703	-0.209260	0.045898	0.001313	0.001313	0.090227	0.090227	0.001535	0.001535	-0.000354	-0.000354	-0.000321	-0.000321	-0.336295	-0.336295	0.001363	0.000399	
-1	1	-1	-1	-1	
0.287109	0.001802	0.167969	0.000947	0.049805	-0.003828	0.153320	-0.000993	0.219727	0.002358	0.134766	0.000583	0.211914	-0.000937	0.286133	-0.000918	0.000000	0.286651	0.159180	0.173938	0.286133	-0.515270	0.095703	-0.219303	0.045898	0.001460	0.001460	0.091729	0.091729	0.001802	0.001802	-0.000421	-0.000421	-0.000295	-0.000295	-0.331595	-0.331595	0.001524	0.000429	
-1	1	-1	-1	-1	
0.264648	0.001585	0.176758	0.001017	0.050781	-0.004027	0.166016	-0.000984	0.228516	0.002377	0.117188	0.001552	0.176758	-0.000937	0.000000	-0.000596	0.250977	0.257683	0.168945	0.173938	0.000000	-0.509965	0.095703	-0.179234	0.044922	0.001232	0.001232	0.115078	0.115078	0.001585	0.001585	-0.000375	-0.000375	-0.000292	-0.000292	-0.358003	-0.358003	0.001479	0.000427	
-1	1	-1	-1	-1	
0.297852	0.001923	0.202148	0.001315	0.083984	-0.003530	0.187500	-0.001037	0.253906	0.002622	0.150391	0.001250	0.202148	-0.000929	0.016602	-0.000614	0.272461	0.284311	0.193359	0.178289	0.029297	-0.502947	0.126953	-0.200498	0.077148	0.000674	0.000674	0.129472	0.129472	0.001923	0.001923	-0.000474	-0.000474	-0.000403	-0.000403	-0.379523	-0.379523	0.001531	0.000422	
-1	1	-1	-1	-1	
0.282227	0.001451	0.192383	0.001147	0.071289	-0.005406	0.181641	-0.000883	0.245117	0.002587	0.133789	0.002481	0.192383	-0.000893	0.018555	-0.000578	0.266602	0.285473	0.191406	0.164431	0.021484	-0.524211	0.113281	-0.176686	0.063477	0.001156	0.001156	0.127449	0.127449	0.001451	0.001451	-0.000437	-0.000437	-0.000434	-0.000434	-0.379207	-0.379207	0.001651	0.000432	
-1	1	-1	-1	-1	
0.317383	0.001408	0.204102	0.001104	0.081055	-0.004122	0.188477	-0.001004	0.251953	0.002399	0.148438	0.001279	0.203125	-0.000941	0.314453	-0.000921	0.025391	0.257504	0.193359	0.175816	0.315430	-0.491503	0.126953	-0.209543	0.077148	0.001062	0.001062	0.114782	0.114782	0.001408	0.001408	-0.000369	-0.000369	-0.000395	-0.000395	-0.349896	-0.349896	0.001465	0.000407	
-1	1	-1	-1	-1	
0.295898	0.001620	0.175781	0.001165	0.057617	-0.004030	0.165039	-0.000946	0.227539	0.002491	0.120117	0.001792	0.179688	-0.000955	0.000977	-0.000900	0.279297	0.263017	0.169922	0.180599	0.291992	-0.492218	0.095703	-0.127184	0.045898	0.001165	0.001165	0.122616	0.122616	0.001620	0.001620	-0.000375	-0.000375	-0.000341	-0.000341	-0.318613	-0.318613	0.001347	0.000446	
-1	1	-1	-1	-1	
0.284180	0.001601	0.169922	0.001042	0.049805	-0.004458	0.154297	-0.001118	0.217773	0.002254	0.112305	0.001499	0.169922	-0.000914	0.269531	-0.000833	0.000000	0.271168	0.161133	0.178453	0.000000	-0.508595	0.095703	-0.218007	0.045898	0.001336	0.001336	0.106858	0.106858	0.001601	0.001601	-0.000446	-0.000446	-0.000309	-0.000309	-0.339245	-0.339245	0.001502	0.000420	
-1	1	-1	-1	-1	
0.435547	0.002706	0.338867	0.002212	0.058594	-0.004761	0.328125	-0.003565	0.051758	0.003774	0.287109	0.003373	0.006836	-0.001095	0.118164	-0.001003	0.167969	0.301682	0.332031	0.276648	0.053711	-0.585607	0.260742	-0.501565	0.000000	0.001243	0.001243	0.142366	0.142366	0.002706	0.002706	-0.000858	-0.000858	-0.000697	-0.000697	-0.169397	-0.169397	0.002117	0.000581	
-1	1	-1	-1	-1	
0.267578	0.002458	0.183594	0.001700	0.061523	-0.005373	0.171875	-0.001342	0.221680	0.003163	0.131836	0.002064	0.183594	-0.000911	0.006836	-0.000809	0.239258	0.305065	0.174805	0.214495	0.003906	-0.580988	0.095703	-0.178970	0.145508	0.001321	0.001321	0.158206	0.158206	0.002458	0.002458	-0.000509	-0.000509	-0.000508	-0.000508	-0.452337	-0.452337	0.002150	0.000584	
-1	1	-1	-1	-1	
0.285156	0.002313	0.198242	0.001786	0.075195	-0.005514	0.186523	-0.001717	0.238281	0.003065	0.141602	0.002642	0.197266	-0.001044	0.256836	-0.000955	0.015625	0.298344	0.197266	0.189417	0.023438	-0.566385	0.111328	-0.150896	0.257812	0.000983	0.000983	0.142653	0.142653	0.002313	0.002313	-0.000488	-0.000488	-0.000524	-0.000524	-0.442969	-0.442969	0.002046	0.000577	
-1	1	-1	-1	-1	
0.260742	0.002250	0.190430	0.001671	0.075195	-0.004424	0.182617	-0.001331	0.234375	0.003478	0.138672	0.001898	0.194336	-0.000937	0.012695	-0.000928	0.252930	0.307076	0.186523	0.224494	0.011719	-0.582284	0.095703	-0.392444	0.145508	0.000527	0.000527	0.160882	0.160882	0.002250	0.002250	-0.000511	-0.000511	-0.000540	-0.000540	-0.452053	-0.452053	0.002037	0.000598	
-1	1	-1	-1	-1	
0.293945	0.001977	0.214844	0.001719	0.092773	-0.006143	0.208008	-0.001371	0.257812	0.003167	0.163086	0.001968	0.218750	-0.001018	0.273438	-0.000895	0.037109	0.312515	0.209961	0.187614	0.039062	-0.566519	0.123047	-0.286601	0.172852	0.000288	0.000288	0.131332	0.131332	0.001977	0.001977	-0.000475	-0.000475	-0.000499	-0.000499	-0.420117	-0.420117	0.001982	0.000550	
-1	1	-1	-1	-1	
0.302734	0.002115	0.205078	0.001759	0.083984	-0.005051	0.198242	-0.001530	0.248047	0.003344	0.150391	0.002450	0.208984	-0.001021	0.264648	-0.000912	0.028320	0.304543	0.198242	0.220694	0.025391	-0.572718	0.115234	-0.197641	0.165039	0.000943	0.000943	0.161627	0.161627	0.002115	0.002115	-0.000466	-0.000466	-0.000543	-0.000543	-0.451987	-0.451987	0.002039	0.000581	
-1	1	-1	-1	-1	
0.295898	0.002266	0.183594	0.001780	0.054688	-0.006042	0.172852	-0.001596	0.224609	0.003464	0.131836	0.001894	0.183594	-0.001061	0.239258	-0.000949	0.289062	0.306734	0.175781	0.234269	0.283203	-0.574566	0.095703	-0.166691	0.145508	0.001856	0.001856	0.153355	0.153355	0.002266	0.002266	-0.000523	-0.000523	-0.000471	-0.000471	-0.424410	-0.424410	0.002060	0.000557	
-1	1	-1	-1	-1	
0.234375	0.002603	0.169922	0.001794	0.050781	-0.004518	0.155273	-0.001661	0.214844	0.003465	0.114258	0.001851	0.169922	-0.001152	0.225586	-0.000771	0.021484	0.329816	0.160156	0.205033	0.000000	-0.585607	0.073242	-0.363267	0.123047	0.001058	0.001058	0.130050	0.130050	0.002603	0.002603	-0.000465	-0.000465	-0.000499	-0.000499	-0.470350	-0.470350	0.001968	0.000565	
-1	1	-1	-1	-1	
0.327148	0.002489	0.208984	0.001773	0.094727	-0.005469	0.202148	-0.001616	0.253906	0.003369	0.161133	0.001897	0.212891	-0.001153	0.317383	-0.000919	0.265625	0.329801	0.205078	0.237071	0.037109	-0.585607	0.119141	-0.352583	0.168945	0.000860	0.000860	0.163205	0.163205	0.002489	0.002489	-0.000642	-0.000642	-0.000562	-0.000562	-0.440333	-0.440333	0.002231	0.000638	
-1	1	-1	-1	-1	
0.280273	0.001982	0.165039	0.001947	0.045898	-0.006606	0.157227	-0.001394	0.207031	0.003809	0.112305	0.002014	0.164062	-0.001022	0.264648	-0.000898	0.000000	0.340589	0.162109	0.226539	0.265625	-0.585607	0.066406	-0.444225	0.116211	0.001774	0.001774	0.129637	0.129637	0.001982	0.001982	-0.000509	-0.000509	-0.000492	-0.000492	-0.432536	-0.432536	0.002287	0.000605	
-1	1	-1	-1	-1	
0.273438	0.002122	0.168945	0.001984	0.042969	-0.005402	0.154297	-0.001552	0.206055	0.003787	0.110352	0.001763	0.160156	-0.000970	0.220703	-0.000833	0.270508	0.364107	0.157227	0.222352	0.267578	-0.590521	0.063477	-0.444952	0.113281	0.001941	0.001941	0.127345	0.127345	0.002122	0.002122	-0.000499	-0.000499	-0.000448	-0.000448	-0.424248	-0.424248	0.002086	0.000556	
-1	1	-1	-1	-1	
0.236328	0.002641	0.172852	0.001924	0.054688	-0.005860	0.162109	-0.001587	0.213867	0.003538	0.121094	0.001773	0.172852	-0.000820	0.228516	-0.000806	0.000000	0.332501	0.165039	0.219610	0.000000	-0.590521	0.075195	-0.439692	0.125000	0.000824	0.000824	0.147972	0.147972	0.002641	0.002641	-0.000472	-0.000472	-0.000468	-0.000468	-0.473199	-0.473199	0.002117	0.000596	
-1	1	-1	-1	-1	
0.297852	0.002651	0.222656	0.001978	0.096680	-0.004335	0.211914	-0.001493	0.261719	0.003678	0.163086	0.002429	0.222656	-0.000948	0.277344	-0.000915	0.022461	0.338581	0.211914	0.248324	0.039062	-0.590521	0.113281	-0.464949	0.163086	0.000410	0.000410	0.166905	0.166905	0.002651	0.002651	-0.000606	-0.000606	-0.000528	-0.000528	-0.439983	-0.439983	0.002112	0.000618	
-1	1	-1	-1	-1	
0.291016	0.002297	0.202148	0.001911	0.083984	-0.005938	0.191406	-0.001563	0.241211	0.003326	0.150391	0.001456	0.202148	-0.000988	0.257812	-0.000842	0.020508	0.322592	0.193359	0.224617	0.022461	-0.586975	0.121094	-0.178609	0.071289	0.000686	0.000686	0.157581	0.157581	0.002297	0.002297	-0.000526	-0.000526	-0.000514	-0.000514	-0.464293	-0.464293	0.002088	0.000585	
-1	1	-1	-1	-1	
0.263672	0.002171	0.195312	0.001747	0.074219	-0.006896	0.184570	-0.001331	0.234375	0.003267	0.139648	0.002147	0.195312	-0.001103	0.247070	-0.000935	0.010742	0.312206	0.185547	0.210371	0.009766	-0.576157	0.095703	-0.352520	0.145508	0.000567	0.000567	0.147191	0.147191	0.002171	0.002171	-0.000411	-0.000411	-0.000468	-0.000468	-0.453399	-0.453399	0.002347	0.000581	
-1	1	-1	-1	-1	
0.313477	0.002182	0.212891	0.001892	0.094727	-0.005737	0.202148	-0.001548	0.253906	0.003493	0.157227	0.001403	0.207031	-0.001143	0.268555	-0.000947	0.031250	0.350293	0.205078	0.221294	0.312500	-0.590521	0.126953	-0.164006	0.270508	0.000758	0.000758	0.155288	0.155288	0.002182	0.002182	-0.000416	-0.000416	-0.000494	-0.000494	-0.470521	-0.470521	0.002135	0.000560	
-1	1	-1	-1	-1	
0.291016	0.002486	0.176758	0.002026	0.062500	-0.005217	0.166016	-0.001680	0.217773	0.003746	0.125000	0.001667	0.180664	-0.001054	0.232422	-0.000800	0.282227	0.306677	0.168945	0.255790	0.278320	-0.590521	0.079102	-0.415686	0.128906	0.001958	0.001958	0.157799	0.157799	0.002486	0.002486	-0.000531	-0.000531	-0.000464	-0.000464	-0.431810	-0.431810	0.002083	0.000637	
-1	1	-1	-1	-1	
0.230469	0.002888	0.160156	0.002151	0.044922	-0.004931	0.153320	-0.001802	0.203125	0.004220	0.112305	0.002108	0.164062	-0.001105	0.215820	-0.000679	0.015625	0.339877	0.153320	0.224930	0.000000	-0.590521	0.061523	-0.476900	0.111328	0.001859	0.001859	0.155680	0.155680	0.002888	0.002888	-0.000553	-0.000553	-0.000473	-0.000473	-0.480092	-0.480092	0.002231	0.000632	
-1	1	-1	-1	-1	
0.319336	0.002024	0.088867	0.002006	0.214844	-0.006224	0.204102	-0.001478	0.253906	0.003277	0.210938	0.003099	0.155273	-0.001052	0.315430	-0.001043	0.033203	0.383404	0.210938	0.247654	0.317383	-0.590521	0.105469	-0.473205	0.155273	0.001171	0.001171	0.171040	0.171040	0.002024	0.002024	-0.000530	-0.000530	-0.000546	-0.000546	-0.482400	-0.482400	0.002274	0.000597	
-1	1	-1	-1	-1	
0.319336	0.002968	0.184570	0.001910	0.051758	-0.005970	0.173828	-0.001332	0.225586	0.003296	0.122070	0.003075	0.184570	-0.001047	0.000000	-0.000886	0.240234	0.342023	0.173828	0.245180	0.000000	-0.590521	0.074219	-0.474278	0.124023	0.001772	0.001772	0.139173	0.139173	0.002968	0.002968	-0.000449	-0.000449	-0.000493	-0.000493	-0.428445	-0.428445	0.002362	0.000515	
-1	1	-1	-1	-1	
0.411133	0.005998	0.043945	0.003751	0.301758	-0.009606	0.036133	-0.005130	0.297852	0.006506	0.002930	0.005746	0.253906	-0.001205	0.195312	-0.001177	0.375977	0.340468	0.036133	0.340066	0.296875	-0.635379	0.000000	-0.635379	0.199219	0.002296	0.002296	0.160079	0.160079	0.005998	0.005998	0.000000	0.000000	-0.000783	-0.000783	-0.310822	-0.310822	0.003945	0.001006	
-1	1	-1	-1	-1	
0.246094	0.003710	0.040039	0.003382	0.143555	-0.005024	0.135742	-0.002056	0.187500	0.006103	0.101562	0.002292	0.198242	-0.001689	0.191406	-0.001391	0.042969	0.340468	0.230469	0.339753	0.135742	-0.635379	0.043945	-0.635379	0.093750	0.003465	0.003465	0.150084	0.150084	0.003710	0.003710	-0.000494	-0.000494	-0.000708	-0.000708	-0.492861	-0.492861	0.003134	0.000904	
-1	1	-1	-1	-1	
0.238281	0.004000	0.141602	0.003609	0.041016	-0.004998	0.133789	-0.002605	0.185547	0.006815	0.100586	0.002526	0.201172	-0.001790	0.193359	-0.001605	0.137695	0.339827	0.131836	0.338427	0.228516	-0.635379	0.045898	-0.635379	0.095703	0.003261	0.003261	0.164045	0.164045	0.004000	0.004000	-0.000683	-0.000683	-0.000867	-0.000867	-0.511117	-0.511117	0.002950	0.000919	
-1	1	-1	-1	-1	
0.235352	0.004624	0.136719	0.003719	0.037109	-0.006290	0.133789	-0.002410	0.185547	0.006573	0.099609	0.002657	0.195312	-0.001511	0.184570	-0.001494	0.043945	0.340453	0.131836	0.329948	0.225586	-0.635379	0.045898	-0.635379	0.095703	0.003523	0.003523	0.181222	0.181222	0.004624	0.004624	-0.000805	-0.000805	-0.000960	-0.000960	-0.506206	-0.506206	0.003237	0.000963	
-1	1	-1	-1	-1	
0.238281	0.004427	0.138672	0.003661	0.039062	-0.007696	0.130859	-0.002714	0.182617	0.006363	0.101562	0.002646	0.197266	-0.001826	0.186523	-0.001469	0.041992	0.340453	0.131836	0.300607	0.225586	-0.635379	0.045898	-0.635379	0.095703	0.003692	0.003692	0.176875	0.176875	0.004427	0.004427	-0.000699	-0.000699	-0.000925	-0.000925	-0.515993	-0.515993	0.003328	0.001000	
-1	1	-1	-1	-1	
0.236328	0.004855	0.137695	0.003562	0.037109	-0.009134	0.129883	-0.002332	0.185547	0.006487	0.099609	0.002559	0.196289	-0.001836	0.185547	-0.001419	0.007812	0.340468	0.129883	0.329560	0.223633	-0.635379	0.043945	-0.635379	0.093750	0.003603	0.003603	0.166370	0.166370	0.004855	0.004855	-0.000730	-0.000730	-0.000941	-0.000941	-0.506592	-0.506592	0.003699	0.001027	
-1	1	-1	-1	-1	
0.242188	0.003926	0.141602	0.003706	0.041992	-0.005590	0.134766	-0.002010	0.190430	0.006371	0.100586	0.002267	0.201172	-0.001597	0.193359	-0.001423	0.044922	0.340468	0.137695	0.274039	0.227539	-0.635379	0.044922	-0.635379	0.094727	0.003503	0.003503	0.163188	0.163188	0.003926	0.003926	-0.000573	-0.000573	-0.000877	-0.000877	-0.517047	-0.517047	0.003368	0.001041	
-1	1	-1	-1	-1	
0.239258	0.003768	0.144531	0.003261	0.041016	-0.005861	0.136719	-0.002426	0.186523	0.006146	0.103516	0.002417	0.200195	-0.001719	0.192383	-0.001256	0.033203	0.340468	0.135742	0.301129	0.225586	-0.635379	0.047852	-0.634843	0.097656	0.003295	0.003295	0.157367	0.157367	0.003768	0.003768	-0.000727	-0.000727	-0.000923	-0.000923	-0.518588	-0.518588	0.003257	0.001044	
-1	1	-1	-1	-1	
0.248047	0.004642	0.142578	0.003412	0.039062	-0.007114	0.134766	-0.001875	0.001953	0.006058	0.101562	0.002225	0.202148	-0.001344	0.012695	-0.001192	0.194336	0.340468	0.137695	0.307983	0.234375	-0.635379	0.045898	-0.635379	0.095703	0.003600	0.003600	0.166899	0.166899	0.004642	0.004642	-0.000805	-0.000805	-0.000832	-0.000832	-0.499775	-0.499775	0.003665	0.001056	
-1	1	-1	-1	-1	
0.247070	0.003790	0.150391	0.003534	0.042969	-0.009625	0.142578	-0.002171	0.192383	0.007465	0.142578	0.002340	0.090820	-0.001473	0.195312	-0.001229	0.005859	0.338933	0.142578	0.262565	0.228516	-0.635379	0.046875	-0.635379	0.096680	0.003271	0.003271	0.149986	0.149986	0.003790	0.003790	-0.000562	-0.000562	-0.000778	-0.000778	-0.504062	-0.504062	0.004002	0.000963	
-1	1	-1	-1	-1	
0.248047	0.003626	0.140625	0.003173	0.033203	-0.007640	0.132812	-0.002037	0.188477	0.005897	0.103516	0.002127	0.204102	-0.001512	0.188477	-0.001309	0.014648	0.340468	0.137695	0.295407	0.233398	-0.635379	0.046875	-0.635379	0.096680	0.003256	0.003256	0.160051	0.160051	0.003626	0.003626	-0.000629	-0.000629	-0.000821	-0.000821	-0.494623	-0.494623	0.003477	0.001000	
-1	1	-1	-1	-1	
0.249023	0.003594	0.144531	0.003459	0.041016	-0.008352	0.137695	-0.001505	0.233398	0.005989	0.103516	0.001756	0.203125	-0.001281	0.195312	-0.001145	0.043945	0.339112	0.139648	0.268451	0.233398	-0.635379	0.047852	-0.635290	0.097656	0.003225	0.003225	0.150827	0.150827	0.003594	0.003594	-0.000699	-0.000699	-0.000740	-0.000740	-0.500689	-0.500689	0.003569	0.000957	
-1	1	-1	-1	-1	
0.253906	0.004013	0.151367	0.003285	0.043945	-0.006596	0.143555	-0.002029	0.240234	0.005554	0.106445	0.001853	0.209961	-0.001185	0.202148	-0.001130	0.006836	0.339112	0.145508	0.281400	0.241211	-0.636735	0.047852	-0.636110	0.097656	0.002771	0.002771	0.150712	0.150712	0.004013	0.004013	-0.000762	-0.000762	-0.000740	-0.000740	-0.498860	-0.498860	0.003448	0.000965	
-1	1	-1	-1	-1	
0.253906	0.003910	0.152344	0.003492	0.041016	-0.007926	0.145508	-0.001710	0.000977	0.005818	0.104492	0.002044	0.211914	-0.001258	0.201172	-0.001197	0.011719	0.339112	0.147461	0.325760	0.240234	-0.636735	0.047852	-0.635513	0.097656	0.002803	0.002803	0.157277	0.157277	0.003910	0.003910	-0.000884	-0.000884	-0.000737	-0.000737	-0.501198	-0.501198	0.003836	0.000977	
-1	1	-1	-1	-1	
0.245117	0.003932	0.150391	0.003523	0.042969	-0.004952	0.142578	-0.002409	0.198242	0.006994	0.106445	0.002013	0.156250	-0.001668	0.198242	-0.001165	0.036133	0.338888	0.141602	0.322840	0.233398	-0.636735	0.049805	-0.617304	0.099609	0.003374	0.003374	0.161977	0.161977	0.003932	0.003932	-0.000678	-0.000678	-0.000701	-0.000701	-0.511580	-0.511580	0.003020	0.000913	
-1	1	-1	-1	-1	
0.248047	0.003622	0.138672	0.003546	0.039062	-0.007713	0.131836	-0.002010	0.228516	0.006825	0.102539	0.002326	0.202148	-0.001502	0.042969	-0.001279	0.194336	0.339112	0.134766	0.302276	0.235352	-0.636735	0.046875	-0.636735	0.096680	0.003689	0.003689	0.159650	0.159650	0.003622	0.003622	-0.000681	-0.000681	-0.000808	-0.000808	-0.490239	-0.490239	0.003262	0.000960	
-1	1	-1	-1	-1	
0.242188	0.004626	0.143555	0.003512	0.032227	-0.011128	0.136719	-0.002220	0.225586	0.007585	0.135742	0.002065	0.199219	-0.001280	0.042969	-0.000967	0.188477	0.335774	0.137695	0.314242	0.231445	-0.636735	0.042969	-0.636735	0.092773	0.003528	0.003528	0.140914	0.140914	0.004626	0.004626	-0.000635	-0.000635	-0.000835	-0.000835	-0.511085	-0.511085	0.003847	0.000921	
-1	1	-1	-1	-1	
0.255859	0.004367	0.149414	0.003427	0.041992	-0.009260	0.142578	-0.001746	0.198242	0.006005	0.105469	0.002075	0.212891	-0.001420	0.031250	-0.001170	0.223633	0.339112	0.145508	0.297657	0.237305	-0.636735	0.047852	-0.636393	0.097656	0.003312	0.003312	0.164518	0.164518	0.004367	0.004367	-0.000626	-0.000626	-0.000859	-0.000859	-0.493347	-0.493347	0.003896	0.000982	
-1	1	-1	-1	-1	
0.249023	0.003865	0.142578	0.003170	0.041992	-0.007864	0.134766	-0.002127	0.186523	0.005622	0.100586	0.002322	0.200195	-0.001727	0.193359	-0.001332	0.041992	0.338710	0.137695	0.286436	0.231445	-0.636735	0.047852	-0.633576	0.097656	0.003255	0.003255	0.139287	0.139287	0.003865	0.003865	-0.000524	-0.000524	-0.000755	-0.000755	-0.493570	-0.493570	0.003373	0.000903	
-1	1	-1	-1	-1	
0.252930	0.003444	0.147461	0.003147	0.040039	-0.006748	0.140625	-0.001889	0.237305	0.005915	0.103516	0.002241	0.207031	-0.001289	0.192383	-0.001255	0.011719	0.339112	0.143555	0.339112	0.235352	-0.636735	0.045898	-0.636735	0.095703	0.003048	0.003048	0.130888	0.130888	0.003444	0.003444	-0.000540	-0.000540	-0.000707	-0.000707	-0.502638	-0.502638	0.003057	0.000914	
-1	1	-1	-1	-1	
0.248047	0.003592	0.150391	0.003205	0.039062	-0.006466	0.139648	-0.001829	0.239258	0.006063	0.105469	0.001797	0.209961	-0.001339	0.032227	-0.001295	0.195312	0.339112	0.142578	0.315449	0.238281	-0.636735	0.045898	-0.636735	0.095703	0.003151	0.003151	0.151940	0.151940	0.003592	0.003592	-0.000542	-0.000542	-0.000741	-0.000741	-0.512210	-0.512210	0.003091	0.000949	
-1	1	-1	-1	-1	
0.248047	0.003709	0.154297	0.003590	0.042969	-0.007719	0.146484	-0.002069	0.239258	0.006553	0.146484	0.002201	0.209961	-0.001171	0.203125	-0.001141	0.013672	0.339052	0.146484	0.303424	0.242188	-0.636735	0.049805	-0.626722	0.099609	0.003250	0.003250	0.179354	0.179354	0.003709	0.003709	-0.001127	-0.001127	-0.000707	-0.000707	-0.510723	-0.510723	0.003124	0.000893	
-1	1	-1	-1	-1	
0.375977	0.008428	0.324219	0.007420	0.134766	-0.009141	0.131836	-0.009024	0.316406	0.014006	0.316406	0.010402	0.127930	-0.005126	0.134766	-0.003839	0.320312	0.376786	0.000000	0.376786	0.185547	-0.599062	0.057617	-0.599062	0.246094	0.003057	0.003057	0.235067	0.235067	0.008428	0.008428	-0.002664	-0.002664	-0.002099	-0.002099	0.000000	0.000000	0.005359	0.001741	
-1	1	-1	-1	-1	
0.377930	0.008699	0.129883	0.005850	0.318359	-0.009370	0.314453	-0.006177	0.125977	0.013028	0.122070	0.009496	0.310547	-0.005323	0.318359	-0.004340	0.129883	0.376964	0.365234	0.376786	0.000000	-0.599062	0.057617	-0.599062	0.242188	0.003515	0.003515	0.273673	0.273673	0.008699	0.008699	-0.002620	-0.002620	-0.001850	-0.001850	-0.406823	-0.406823	0.004741	0.001510	
-1	1	-1	-1	-1	
0.191406	0.005694	0.136719	0.003548	0.047852	-0.010881	0.128906	-0.005953	0.006836	0.009540	0.125000	0.003348	0.180664	-0.005699	0.132812	-0.003650	0.025391	0.376786	0.000000	0.376786	0.127930	-0.599062	0.053711	-0.437772	0.103516	0.001455	0.001455	0.309087	0.309087	0.005694	0.005694	-0.002621	-0.002621	-0.002040	-0.002040	-0.528746	-0.528746	0.005023	0.001607	
-1	1	-1	-1	-1	
0.194336	0.008782	0.133789	0.003843	0.044922	-0.008133	0.125977	-0.005651	0.007812	0.013884	0.125977	0.003937	0.177734	-0.003317	0.026367	-0.003038	0.129883	0.376786	0.000000	0.376786	0.183594	-0.599062	0.053711	-0.416463	0.103516	0.001684	0.001684	0.300931	0.300931	0.008782	0.008782	-0.002561	-0.002561	-0.001921	-0.001921	-0.536219	-0.536219	0.004829	0.001613	
-1	1	-1	-1	-1	
0.193359	0.006532	0.139648	0.003803	0.046875	-0.011232	0.131836	-0.006215	0.001953	0.011655	0.131836	0.002659	0.181641	-0.003563	0.135742	-0.003466	0.042969	0.376786	0.000000	0.376786	0.131836	-0.599062	0.051758	-0.489046	0.101562	0.001697	0.001697	0.309258	0.309258	0.006532	0.006532	-0.002438	-0.002438	-0.002080	-0.002080	-0.532157	-0.532157	0.005016	0.001611	
-1	1	-1	-1	-1	
0.191406	0.006959	0.134766	0.004039	0.045898	-0.009946	0.126953	-0.005202	0.005859	0.012740	0.126953	0.003053	0.178711	-0.005164	0.130859	-0.003445	0.041992	0.376786	0.000000	0.376786	0.183594	-0.599062	0.051758	-0.434002	0.101562	0.001509	0.001509	0.319535	0.319535	0.006959	0.006959	-0.002482	-0.002482	-0.002150	-0.002150	-0.527235	-0.527235	0.005009	0.001613	
-1	1	-1	-1	-1	
0.146484	0.005966	0.134766	0.004158	0.046875	-0.010606	0.127930	-0.006172	0.005859	0.009719	0.124023	0.001284	0.001953	-0.005822	0.130859	-0.003446	0.028320	0.376786	0.000000	0.376771	0.135742	-0.599062	0.053711	-0.431215	0.103516	0.001187	0.001187	0.316051	0.316051	0.005966	0.005966	-0.002834	-0.002834	-0.002219	-0.002219	-0.468322	-0.468322	0.005142	0.001545	
-1	1	-1	-1	-1	
0.239258	0.007327	0.181641	0.004159	0.092773	-0.011059	0.174805	-0.006467	0.051758	0.010044	0.152344	0.003529	0.033203	-0.006282	0.177734	-0.003450	0.088867	0.376786	0.039062	0.376786	0.231445	-0.599062	0.101562	-0.462850	0.151367	0.001159	0.001159	0.261095	0.261095	0.007327	0.007327	-0.002801	-0.002801	-0.001824	-0.001824	-0.384695	-0.384695	0.005197	0.001751	
-1	1	-1	-1	-1	
0.404297	0.008188	0.138672	0.005036	0.346680	-0.006162	0.130859	-0.005954	0.005859	0.013080	0.130859	0.011300	0.338867	-0.003644	0.223633	-0.003370	0.024414	0.376786	0.000000	0.376786	0.187500	-0.599062	0.053711	-0.599062	0.253906	0.002800	0.002800	0.250558	0.250558	0.008188	0.008188	-0.002375	-0.002375	-0.001812	-0.001812	-0.431869	-0.431869	0.004249	0.001572	
-1	1	-1	-1	-1	
0.206055	0.005146	0.146484	0.003953	0.045898	-0.009079	0.138672	-0.005009	0.004883	0.008785	0.134766	0.002118	0.186523	-0.004082	0.142578	-0.003324	0.027344	0.376786	0.000000	0.376786	0.191406	-0.599062	0.053711	-0.491162	0.103516	0.001708	0.001708	0.302617	0.302617	0.005146	0.005146	-0.002137	-0.002137	-0.001873	-0.001873	-0.539706	-0.539706	0.004553	0.001593	
-1	1	-1	-1	-1	
0.200195	0.005749	0.139648	0.003648	0.046875	-0.005689	0.135742	-0.004492	0.199219	0.012310	0.131836	0.002932	0.187500	-0.003578	0.024414	-0.003128	0.180664	0.376786	0.000000	0.376786	0.191406	-0.599062	0.053711	-0.482579	0.103516	0.001428	0.001428	0.294486	0.294486	0.005749	0.005749	-0.002056	-0.002056	-0.001966	-0.001966	-0.525445	-0.525445	0.004266	0.001535	
-1	1	-1	-1	-1	
0.207031	0.007508	0.139648	0.003674	0.046875	-0.004962	0.002930	-0.004742	0.206055	0.012095	0.131836	0.003682	0.183594	-0.003245	0.024414	-0.002404	0.176758	0.377021	0.191406	0.376786	0.000000	-0.599062	0.054688	-0.483712	0.104492	0.002217	0.002217	0.305309	0.305309	0.007508	0.007508	-0.002275	-0.002275	-0.001731	-0.001731	-0.523119	-0.523119	0.004003	0.001728	
-1	1	-1	-1	-1	
0.202148	0.007535	0.135742	0.003450	0.043945	-0.011264	0.128906	-0.005166	0.002930	0.011087	0.128906	0.003069	0.184570	-0.005630	0.131836	-0.002997	0.021484	0.377021	0.000000	0.377021	0.187500	-0.598826	0.049805	-0.546150	0.099609	0.002232	0.002232	0.287759	0.287759	0.007535	0.007535	-0.002141	-0.002141	-0.001701	-0.001701	-0.541327	-0.541327	0.004340	0.001375	
-1	1	-1	-1	-1	
0.157227	0.005657	0.137695	0.003790	0.044922	-0.007421	0.133789	-0.005139	0.004883	0.011539	0.129883	0.000801	0.000000	-0.002965	0.022461	-0.002084	0.137695	0.377021	0.000000	0.375874	0.131836	-0.598826	0.051758	-0.509568	0.101562	0.000371	0.000371	0.287349	0.287349	0.005657	0.005657	-0.002075	-0.002075	-0.001747	-0.001747	-0.508443	-0.508443	0.004194	0.001304	
-1	1	-1	-1	-1	
0.256836	0.006182	0.188477	0.003193	0.095703	-0.006772	0.180664	-0.004718	0.254883	0.013742	0.180664	0.003230	0.236328	-0.002935	0.070312	-0.002654	0.017578	0.377021	0.032227	0.377021	0.245117	-0.598826	0.101562	-0.515171	0.151367	0.000881	0.000881	0.284163	0.284163	0.006182	0.006182	-0.002453	-0.002453	-0.001560	-0.001560	-0.404468	-0.404468	0.003805	0.001443	
-1	1	-1	-1	-1	
0.203125	0.006260	0.138672	0.003623	0.042969	-0.011223	0.130859	-0.004744	0.001953	0.009946	0.130859	0.002978	0.182617	-0.005374	0.134766	-0.002948	0.020508	0.377021	0.000000	0.377021	0.189453	-0.598826	0.049805	-0.550904	0.099609	0.002477	0.002477	0.295384	0.295384	0.006260	0.006260	-0.001774	-0.001774	-0.001515	-0.001515	-0.528967	-0.528967	0.004557	0.001387	
-1	1	-1	-1	-1	
0.213867	0.005513	0.142578	0.003119	0.046875	-0.010952	0.135742	-0.004967	0.208984	0.010545	0.134766	0.002872	0.186523	-0.002866	0.175781	-0.002858	0.020508	0.377021	0.000000	0.377021	0.191406	-0.598826	0.051758	-0.520550	0.101562	0.002201	0.002201	0.295364	0.295364	0.005513	0.005513	-0.001866	-0.001866	-0.001774	-0.001774	-0.526159	-0.526159	0.004334	0.001300	
-1	1	-1	-1	-1	
0.215820	0.005406	0.139648	0.003567	0.040039	-0.011717	0.132812	-0.004361	0.000000	0.009727	0.132812	0.002449	0.182617	-0.003099	0.032227	-0.002990	0.172852	0.377021	0.000000	0.377021	0.188477	-0.598826	0.043945	-0.598826	0.093750	0.003572	0.003572	0.280905	0.280905	0.005406	0.005406	-0.001381	-0.001381	-0.001631	-0.001631	-0.526515	-0.526515	0.004251	0.001249	
-1	1	-1	-1	-1	
0.211914	0.005371	0.146484	0.002844	0.042969	-0.011345	0.138672	-0.004016	0.201172	0.010465	0.138672	0.003240	0.086914	-0.003274	0.179688	-0.002891	0.035156	0.377021	0.000000	0.377021	0.196289	-0.598826	0.045898	-0.598826	0.095703	0.002573	0.002573	0.283747	0.283747	0.005371	0.005371	-0.001280	-0.001280	-0.001532	-0.001532	-0.527729	-0.527729	0.004390	0.001203	
-1	1	-1	-1	-1	
0.223633	0.006145	0.145508	0.003081	0.041016	-0.010688	0.137695	-0.004598	0.214844	0.010225	0.137695	0.002479	0.189453	-0.002842	0.178711	-0.002820	0.019531	0.377021	0.000000	0.377021	0.195312	-0.598826	0.049805	-0.553780	0.099609	0.003025	0.003025	0.281507	0.281507	0.006145	0.006145	-0.001494	-0.001494	-0.001634	-0.001634	-0.517187	-0.517187	0.004088	0.001192	
-1	1	-1	-1	-1	
0.250977	0.005592	0.143555	0.002967	0.036133	-0.007444	0.139648	-0.003061	0.002930	0.011159	0.139648	0.002927	0.083984	-0.003209	0.180664	-0.002691	0.028320	0.377021	0.000000	0.377021	0.139648	-0.598826	0.041992	-0.598826	0.091797	0.003747	0.003747	0.226825	0.226825	0.005592	0.005592	-0.001184	-0.001184	-0.001395	-0.001395	-0.484821	-0.484821	0.004238	0.001270	
-1	1	-1	-1	-1	
0.274414	0.004184	0.147461	0.003294	0.033203	-0.007986	0.135742	-0.001453	0.185547	0.011312	0.139648	0.002418	0.087891	-0.002816	0.029297	-0.002323	0.151367	0.377021	0.137695	0.292070	0.235352	-0.598826	0.038086	-0.598826	0.087891	0.002623	0.002623	0.139780	0.139780	0.004184	0.004184	-0.000988	-0.000988	-0.001232	-0.001232	-0.471810	-0.471810	0.004049	0.000921	
-1	1	-1	-1	-1	
0.274414	0.003832	0.158203	0.002750	0.028320	-0.007739	0.143555	-0.001304	0.091797	0.010054	0.147461	0.002139	0.095703	-0.003137	0.158203	-0.001281	0.258789	0.376738	0.147461	0.224389	0.263672	-0.598826	0.045898	-0.598826	0.095703	0.001972	0.001972	0.083582	0.083582	0.003832	0.003832	-0.000713	-0.000713	-0.000733	-0.000733	-0.444874	-0.444874	0.004196	0.000991	
-1	1	-1	-1	-1	
0.500000	0.000289	0.083984	0.000252	0.000000	-0.000268	0.253906	-0.000205	0.962891	0.000568	0.933594	0.000416	0.246094	-0.000323	0.264648	-0.000133	0.691406	0.098615	0.976562	0.050022	0.500000	-0.099928	0.130859	-0.070037	0.187500	0.000084	0.000084	0.022840	0.022840	0.000289	0.000289	-0.000055	-0.000055	-0.000066	-0.000066	0.000000	0.000000	0.000224	0.000048	
-1	-1	1	-1	-1	
0.500000	0.000376	0.074219	0.000299	0.018555	-0.000387	0.214844	-0.000198	0.889648	0.000374	0.974609	0.000314	0.136719	-0.000259	0.222656	-0.000223	0.566406	0.069831	0.500000	0.049684	0.500000	-0.143931	0.095703	-0.080527	0.045898	0.000096	0.000096	0.023198	0.023198	0.000376	0.000376	-0.000060	-0.000060	-0.000071	-0.000071	-0.050132	-0.050132	0.000263	0.000053	
-1	-1	1	-1	-1	
0.500000	0.000367	0.500000	0.000344	0.010742	-0.000280	0.290039	-0.000201	0.988281	0.000945	0.286133	0.000537	0.500000	-0.000476	0.300781	-0.000232	0.649414	0.098202	0.500000	0.054527	0.500000	-0.076171	0.103516	-0.057932	0.153320	0.000093	0.000093	0.020000	0.020000	0.000367	0.000367	-0.000048	-0.000048	-0.000059	-0.000059	-0.035913	-0.035913	0.000235	0.000051	
-1	-1	1	-1	-1	
0.634766	0.000542	0.081055	0.000323	0.029297	-0.000795	0.189453	-0.000613	0.589844	0.001271	0.185547	0.000912	0.582031	-0.000636	0.196289	-0.000374	0.043945	0.168170	0.603516	0.120575	0.000000	-0.156378	0.095703	-0.064765	0.145508	0.000208	0.000208	0.037091	0.037091	0.000542	0.000542	-0.000197	-0.000197	-0.000230	-0.000230	0.000000	0.000000	0.000415	0.000094	
-1	-1	1	-1	-1	
0.692383	0.000369	0.058594	0.000284	0.184570	-0.001370	0.196289	-0.000436	0.652344	0.001435	0.192383	0.000903	0.644531	-0.001061	0.203125	-0.000330	0.615234	0.139157	0.667969	0.094722	0.000000	-0.150015	0.096680	-0.091707	0.146484	0.000189	0.000189	0.034062	0.034062	0.000369	0.000369	-0.000118	-0.000118	-0.000160	-0.000160	-0.063500	-0.063500	0.000346	0.000079	
-1	-1	1	-1	-1	
0.636719	0.000518	0.089844	0.000311	0.038086	-0.000742	0.159180	-0.000452	0.590820	0.001600	0.154297	0.000806	0.580078	-0.000842	0.166016	-0.000325	0.041016	0.150020	0.610352	0.108207	0.000000	-0.161027	0.095703	-0.042429	0.044922	0.000177	0.000177	0.038113	0.038113	0.000518	0.000518	-0.000095	-0.000095	-0.000206	-0.000206	-0.065196	-0.065196	0.000386	0.000085	
-1	-1	1	-1	-1	
0.687500	0.000483	0.087891	0.000334	0.036133	-0.000540	0.183594	-0.000334	0.628906	0.001879	0.183594	0.000653	0.621094	-0.000829	0.194336	-0.000236	0.042969	0.109590	0.650391	0.105883	0.000000	-0.161906	0.096680	-0.068938	0.146484	0.000208	0.000208	0.036908	0.036908	0.000483	0.000483	-0.000103	-0.000103	-0.000180	-0.000180	-0.066781	-0.066781	0.000341	0.000095	
-1	-1	1	-1	-1	
0.660156	0.000381	0.044922	0.000320	0.094727	-0.000711	0.187500	-0.000509	0.613281	0.001610	0.185547	0.000774	0.605469	-0.000802	0.193359	-0.000247	0.579102	0.124461	0.632812	0.080026	0.000000	-0.142061	0.109375	-0.073680	0.059570	0.000169	0.000169	0.035591	0.035591	0.000381	0.000381	-0.000121	-0.000121	-0.000143	-0.000143	-0.071336	-0.071336	0.000321	0.000094	
-1	-1	1	-1	-1	
0.666992	0.000518	0.044922	0.000410	0.094727	-0.000552	0.201172	-0.000424	0.620117	0.001365	0.193359	0.000689	0.612305	-0.000740	0.205078	-0.000283	0.041992	0.124491	0.637695	0.083751	0.000000	-0.139662	0.095703	-0.070774	0.145508	0.000183	0.000183	0.029423	0.029423	0.000518	0.000518	-0.000195	-0.000195	-0.000166	-0.000166	-0.063801	-0.063801	0.000342	0.000105	
-1	-1	1	-1	-1	
0.603516	0.000423	0.087891	0.000330	0.035156	-0.000520	0.584961	-0.000348	0.533203	0.002543	0.176758	0.000784	0.578125	-0.000977	0.187500	-0.000296	0.555664	0.131062	0.602539	0.087923	0.000000	-0.132912	0.095703	-0.083053	0.145508	0.000236	0.000236	0.034134	0.034134	0.000423	0.000423	-0.000060	-0.000060	-0.000184	-0.000184	-0.070791	-0.070791	0.000339	0.000085	
-1	-1	1	-1	-1	
0.603516	0.000521	0.089844	0.000327	0.139648	-0.000485	0.000977	-0.000274	0.200195	0.001926	0.196289	0.000378	0.144531	-0.000765	0.208008	-0.000277	0.067383	0.131062	0.000000	0.051237	0.199219	-0.143343	0.119141	-0.062698	0.168945	0.000230	0.000230	0.049692	0.049692	0.000521	0.000521	-0.000185	-0.000185	-0.000199	-0.000199	-0.073176	-0.073176	0.000402	0.000072	
-1	-1	1	-1	-1	
0.563477	0.000515	0.089844	0.000316	0.037109	-0.001096	0.556641	-0.000597	0.174805	0.001922	0.174805	0.001470	0.545898	-0.000617	0.186523	-0.000507	0.527344	0.208675	0.559570	0.121011	0.000000	-0.179083	0.102539	-0.057326	0.152344	0.000287	0.000287	0.034587	0.034587	0.000515	0.000515	-0.000137	-0.000137	-0.000235	-0.000235	-0.101944	-0.101944	0.000767	0.000226	
-1	-1	1	-1	-1	
0.404297	0.000776	0.097656	0.000649	0.167969	-0.001791	0.153320	-0.001122	0.401367	0.002994	0.145508	0.001503	0.393555	-0.000771	0.153320	-0.000764	0.041992	0.204622	0.000000	0.185652	0.403320	-0.216232	0.095703	-0.044898	0.259766	0.000581	0.000581	0.072977	0.072977	0.000776	0.000776	-0.000481	-0.000481	-0.000496	-0.000496	-0.120662	-0.120662	0.000773	0.000222	
-1	-1	1	-1	-1	
0.375977	0.000793	0.141602	0.000713	0.089844	-0.001647	0.156250	-0.001122	0.000000	0.004260	0.144531	0.000442	0.007812	-0.001010	0.152344	-0.000661	0.059570	0.191896	0.000977	0.104158	0.375000	-0.204445	0.101562	-0.046061	0.259766	0.000747	0.000747	0.079818	0.079818	0.000793	0.000793	-0.000509	-0.000509	-0.000464	-0.000464	-0.126296	-0.126296	0.000735	0.000225	
-1	-1	1	-1	-1	
0.368164	0.000889	0.125000	0.000626	0.073242	-0.001646	0.168945	-0.001054	0.017578	0.005061	0.158203	0.001449	0.009766	-0.001805	0.165039	-0.000805	0.080078	0.194742	0.027344	0.164761	0.367188	-0.218810	0.117188	-0.040324	0.257812	0.000940	0.000940	0.108341	0.108341	0.000889	0.000889	-0.000745	-0.000745	-0.000583	-0.000583	-0.137517	-0.137517	0.000834	0.000221	
-1	-1	1	-1	-1	
0.345703	0.001012	0.109375	0.000588	0.057617	-0.001334	0.008789	-0.000885	0.342773	0.006040	0.130859	0.001542	0.000977	-0.002410	0.142578	-0.000951	0.064453	0.216230	0.015625	0.150530	0.343750	-0.231208	0.095703	-0.044749	0.233398	0.001147	0.001147	0.105187	0.105187	0.001012	0.001012	-0.000655	-0.000655	-0.000632	-0.000632	-0.156971	-0.156971	0.000845	0.000200	
-1	-1	1	-1	-1	
0.344727	0.001013	0.116211	0.000823	0.064453	-0.001906	0.149414	-0.001646	0.012695	0.004983	0.137695	0.001630	0.004883	-0.001405	0.145508	-0.001110	0.060547	0.243707	0.015625	0.177844	0.343750	-0.244976	0.095703	-0.048877	0.229492	0.000922	0.000922	0.115407	0.115407	0.001013	0.001013	-0.000990	-0.000990	-0.000683	-0.000683	-0.157296	-0.157296	0.000965	0.000225	
-1	-1	1	-1	-1	
0.363281	0.001103	0.123047	0.000794	0.067383	-0.002401	0.152344	-0.001286	0.007812	0.004142	0.140625	0.001750	0.000000	-0.001598	0.152344	-0.000970	0.348633	0.230445	0.014648	0.204294	0.362305	-0.233115	0.095703	-0.051380	0.238281	0.000942	0.000942	0.106286	0.106286	0.001103	0.001103	-0.000939	-0.000939	-0.000615	-0.000615	-0.135494	-0.135494	0.000964	0.000212	
-1	-1	1	-1	-1	
0.328125	0.001087	0.112305	0.000778	0.059570	-0.002289	0.145508	-0.001495	0.000000	0.004061	0.133789	0.001739	0.000000	-0.001426	0.141602	-0.000906	0.063477	0.238939	0.006836	0.091055	0.327148	-0.222286	0.095703	-0.044411	0.229492	0.000985	0.000985	0.114631	0.114631	0.001087	0.001087	-0.000956	-0.000956	-0.000657	-0.000657	-0.143487	-0.143487	0.001021	0.000262	
-1	-1	1	-1	-1	
0.360352	0.001014	0.154297	0.000871	0.081055	-0.002455	0.168945	-0.001523	0.024414	0.004616	0.161133	0.001790	0.359375	-0.001425	0.168945	-0.001020	0.083984	0.268767	0.029297	0.192011	0.359375	-0.246009	0.111328	-0.036826	0.251953	0.001080	0.001080	0.141247	0.141247	0.001014	0.001014	-0.000966	-0.000966	-0.000589	-0.000589	-0.149246	-0.149246	0.001059	0.000294	
-1	-1	1	-1	-1	
0.333008	0.000980	0.135742	0.000794	0.083984	-0.002000	0.150391	-0.001411	0.006836	0.004450	0.139648	0.001790	0.000000	-0.003042	0.150391	-0.000948	0.069336	0.246847	0.014648	0.100652	0.332031	-0.251582	0.095703	-0.034859	0.229492	0.001232	0.001232	0.128099	0.128099	0.000980	0.000980	-0.000991	-0.000991	-0.000702	-0.000702	-0.156414	-0.156414	0.000938	0.000258	
-1	-1	1	-1	-1	
0.338867	0.001013	0.118164	0.000881	0.169922	-0.001582	0.021484	-0.001203	0.159180	0.005241	0.143555	0.001782	0.014648	-0.002950	0.155273	-0.001148	0.077148	0.262866	0.029297	0.162477	0.336914	-0.258451	0.109375	-0.050953	0.239258	0.001376	0.001376	0.140163	0.140163	0.001013	0.001013	-0.000919	-0.000919	-0.000755	-0.000755	-0.168638	-0.168638	0.000958	0.000289	
-1	-1	1	-1	-1	
0.368164	0.001108	0.138672	0.000875	0.064453	-0.002498	0.153320	-0.001593	0.012695	0.005802	0.142578	0.001807	0.001953	-0.001990	0.149414	-0.001264	0.060547	0.272835	0.009766	0.226820	0.366211	-0.260836	0.095703	-0.046229	0.235352	0.000914	0.000914	0.127644	0.127644	0.001108	0.001108	-0.001063	-0.001063	-0.000843	-0.000843	-0.161175	-0.161175	0.001075	0.000260	
-1	-1	1	-1	-1	
0.368164	0.001225	0.159180	0.000737	0.059570	-0.002893	0.148438	-0.001370	0.367188	0.005402	0.136719	0.001817	0.367188	-0.002878	0.148438	-0.000865	0.059570	0.244984	0.003906	0.216851	0.366211	-0.246203	0.095703	-0.044337	0.235352	0.000962	0.000962	0.097953	0.097953	0.001225	0.001225	-0.000859	-0.000859	-0.000615	-0.000615	-0.154437	-0.154437	0.000984	0.000281	
-1	-1	1	-1	-1	
0.357422	0.000885	0.125000	0.000826	0.058594	-0.001451	0.002930	-0.001307	0.355469	0.005425	0.132812	0.001817	0.000000	-0.001890	0.139648	-0.001099	0.058594	0.263715	0.011719	0.229040	0.355469	-0.263592	0.095703	-0.050386	0.231445	0.000983	0.000983	0.108245	0.108245	0.000885	0.000885	-0.000878	-0.000878	-0.000814	-0.000814	-0.169474	-0.169474	0.000888	0.000271	
-1	-1	1	-1	-1	
0.357422	0.001025	0.127930	0.000647	0.060547	-0.001364	0.001953	0.000000	0.000000	0.003853	0.124023	0.000874	0.000000	-0.002213	0.138672	-0.000993	0.052734	0.247115	0.003906	0.097314	0.127930	-0.257542	0.095703	0.000000	0.000000	0.001464	0.001464	0.134358	0.134358	0.001025	0.001025	-0.000725	-0.000725	-0.000685	-0.000685	-0.164562	-0.164562	0.000851	0.000273	
-1	-1	1	-1	-1	
0.228516	0.001775	0.151367	0.001180	0.070312	-0.004108	0.143555	-0.001812	0.014648	0.012925	0.132812	0.002247	0.014648	-0.004100	0.140625	-0.001896	0.070312	0.309567	0.016602	0.109221	0.137695	-0.313927	0.095703	-0.061606	0.220703	0.000878	0.000878	0.210802	0.210802	0.001775	0.001775	-0.001209	-0.001209	-0.000876	-0.000876	0.000000	0.000000	0.001682	0.000635	
-1	-1	1	-1	-1	
0.483398	0.001124	0.378906	0.001044	0.142578	-0.002209	0.029297	-0.002090	0.253906	0.008638	0.397461	0.005971	0.146484	-0.003709	0.408203	-0.002912	0.157227	0.362303	0.286133	0.356044	0.031250	-0.330631	0.357422	-0.292022	0.109375	0.000806	0.000806	0.129058	0.129058	0.001124	0.001124	-0.000806	-0.000806	-0.000854	-0.000854	-0.160375	-0.160375	0.001584	0.000648	
-1	-1	1	-1	-1	
0.247070	0.001272	0.179688	0.001212	0.087891	-0.002573	0.172852	-0.002179	0.002930	0.005742	0.158203	0.002120	0.020508	-0.003051	0.168945	-0.001433	0.083984	0.364016	0.038086	0.125881	0.174805	-0.294943	0.107422	-0.089769	0.235352	0.000745	0.000745	0.232771	0.232771	0.001272	0.001272	-0.001249	-0.001249	-0.000805	-0.000805	-0.186431	-0.186431	0.001644	0.000699	
-1	-1	1	-1	-1	
0.462891	0.001407	0.169922	0.001221	0.344727	-0.004187	0.162109	-0.003069	0.385742	0.007170	0.370117	0.006309	0.147461	-0.003599	0.381836	-0.002294	0.158203	0.403042	0.257812	0.351186	0.024414	-0.317652	0.326172	-0.302811	0.095703	0.000821	0.000821	0.155279	0.155279	0.001407	0.001407	-0.001114	-0.001114	-0.000771	-0.000771	-0.151463	-0.151463	0.001664	0.000632	
-1	-1	1	-1	-1	
0.241211	0.001682	0.160156	0.001113	0.067383	-0.004284	0.152344	-0.001938	0.022461	0.006033	0.137695	0.001758	0.003906	-0.003163	0.148438	-0.001718	0.066406	0.360753	0.027344	0.256281	0.239258	-0.352342	0.095703	-0.129868	0.212891	0.000832	0.000832	0.252828	0.252828	0.001682	0.001682	-0.001159	-0.001159	-0.001007	-0.001007	-0.255302	-0.255302	0.001729	0.000609	
-1	-1	1	-1	-1	
0.250000	0.001118	0.066406	0.000999	0.116211	-0.002522	0.155273	-0.001681	0.225586	0.005746	0.140625	0.001429	0.244141	-0.003077	0.151367	-0.001471	0.069336	0.348906	0.015625	0.215869	0.249023	-0.314419	0.095703	-0.118141	0.227539	0.000589	0.000589	0.260145	0.260145	0.001118	0.001118	-0.001077	-0.001077	-0.000720	-0.000720	-0.229183	-0.229183	0.001532	0.000645	
-1	-1	1	-1	-1	
0.481445	0.001708	0.409180	0.001612	0.164062	-0.005328	0.401367	-0.004189	0.157227	0.007237	0.386719	0.006506	0.146484	-0.002820	0.397461	-0.002380	0.153320	0.352527	0.258789	0.335719	0.023438	-0.324388	0.095703	-0.291844	0.336914	0.000796	0.000796	0.170899	0.170899	0.001708	0.001708	-0.001057	-0.001057	-0.000707	-0.000707	-0.163635	-0.163635	0.001730	0.000702	
-1	-1	1	-1	-1	
0.235352	0.001229	0.072266	0.000867	0.124023	-0.002072	0.161133	-0.001709	0.016602	0.008143	0.142578	0.001862	0.234375	-0.003490	0.153320	-0.001479	0.072266	0.341515	0.019531	0.148304	0.233398	-0.312601	0.095703	-0.117295	0.212891	0.000310	0.000310	0.255499	0.255499	0.001229	0.001229	-0.001047	-0.001047	-0.000684	-0.000684	-0.240756	-0.240756	0.001371	0.000646	
-1	-1	1	-1	-1	
0.244141	0.001320	0.070312	0.001213	0.120117	-0.003269	0.158203	-0.001909	0.021484	0.005578	0.143555	0.002059	0.232422	-0.002042	0.154297	-0.001503	0.069336	0.350080	0.021484	0.271834	0.242188	-0.332870	0.095703	-0.127860	0.211914	0.000689	0.000689	0.262576	0.262576	0.001320	0.001320	-0.001027	-0.001027	-0.000823	-0.000823	-0.236037	-0.236037	0.001318	0.000445	
-1	-1	1	-1	-1	
0.219727	0.001462	0.070312	0.001142	0.120117	-0.002417	0.159180	-0.002282	0.215820	0.005956	0.140625	0.000557	0.006836	-0.003304	0.152344	-0.001328	0.070312	0.347353	0.013672	0.095926	0.162109	-0.319712	0.095703	-0.112154	0.215820	0.000226	0.000226	0.261111	0.261111	0.001462	0.001462	-0.000959	-0.000959	-0.000683	-0.000683	-0.236133	-0.236133	0.001265	0.000413	
-1	-1	1	-1	-1	
0.219727	0.001615	0.158203	0.001389	0.106445	-0.003733	0.151367	-0.002377	0.028320	0.008628	0.135742	0.001883	0.218750	-0.003227	0.146484	-0.001951	0.080078	0.372864	0.032227	0.196241	0.218750	-0.359066	0.095703	-0.132613	0.201172	0.000988	0.000988	0.238552	0.238552	0.001615	0.001615	-0.001177	-0.001177	-0.000950	-0.000950	-0.233601	-0.233601	0.001488	0.000378	
-1	-1	1	-1	-1	
0.249023	0.001727	0.166016	0.001468	0.069336	-0.004244	0.158203	-0.001848	0.021484	0.007169	0.143555	0.002087	0.243164	-0.004162	0.154297	-0.001601	0.073242	0.359244	0.025391	0.216327	0.248047	-0.311651	0.095703	-0.138946	0.223633	0.000554	0.000554	0.259976	0.259976	0.001727	0.001727	-0.001077	-0.001077	-0.000771	-0.000771	-0.235859	-0.235859	0.001421	0.000348	
-1	-1	1	-1	-1	
0.284180	0.001667	0.170898	0.001295	0.120117	-0.005223	0.164062	-0.001696	0.016602	0.008648	0.148438	0.001974	0.238281	-0.003395	0.160156	-0.001473	0.072266	0.333078	0.022461	0.288717	0.265625	-0.317313	0.095703	-0.129931	0.147461	0.000574	0.000574	0.253650	0.253650	0.001667	0.001667	-0.000882	-0.000882	-0.000694	-0.000694	-0.200661	-0.200661	0.001581	0.000459	
-1	-1	1	-1	-1	
0.284180	0.000933	0.046875	0.000784	0.142578	-0.001189	0.120117	-0.000957	0.169922	0.003420	0.146484	0.000069	0.196289	-0.002315	0.161133	-0.000734	0.027344	0.244938	0.000000	0.089995	0.152344	-0.309281	0.103516	-0.153251	0.053711	0.000598	0.000598	0.137967	0.137967	0.000933	0.000933	-0.000517	-0.000517	-0.000382	-0.000382	-0.206014	-0.206014	0.000992	0.000340	
-1	-1	1	-1	-1	
0.500000	0.000597	0.044922	0.000508	0.966797	-0.000457	0.419922	-0.000171	0.349609	0.000599	0.405273	0.000467	0.026367	-0.001032	0.419922	-0.000402	0.056641	0.047028	0.415039	0.041455	0.922852	-0.158414	0.128906	-0.134617	0.178711	0.000231	0.000231	0.013822	0.013822	0.000597	0.000597	-0.000111	-0.000111	-0.000200	-0.000200	0.000000	0.000000	0.000354	0.000085	
-1	-1	-1	1	-1	
0.500000	0.000584	0.010742	0.000554	0.955078	-0.000368	0.465820	-0.000167	0.250977	0.000483	0.054688	0.000397	0.000000	-0.000667	0.447266	-0.000423	0.332031	0.052422	0.943359	0.040740	0.877930	-0.196249	0.174805	-0.160322	0.125000	0.000196	0.000196	0.009071	0.009071	0.000584	0.000584	-0.000124	-0.000124	-0.000238	-0.000238	-0.080696	-0.080696	0.000371	0.000088	
-1	-1	-1	1	-1	
0.500000	0.000681	0.025391	0.000651	0.970703	-0.000712	0.424805	-0.000186	0.169922	0.000868	0.398438	0.000544	0.013672	-0.001068	0.414062	-0.000618	0.036133	0.069069	0.922852	0.065850	0.434570	-0.178606	0.122070	-0.163868	0.072266	0.000210	0.000210	0.034457	0.034457	0.000681	0.000681	-0.000099	-0.000099	-0.000207	-0.000207	-0.073535	-0.073535	0.000420	0.000065	
-1	-1	-1	1	-1	
0.500000	0.000676	0.022461	0.000674	0.500000	-0.000589	0.347656	-0.000177	0.436523	0.000491	0.500000	0.000476	0.336914	-0.000948	0.347656	-0.000722	0.033203	0.050919	0.344727	0.041725	0.953125	-0.205217	0.094727	-0.159887	0.144531	0.000236	0.000236	0.015143	0.015143	0.000676	0.000676	-0.000082	-0.000082	-0.000158	-0.000158	-0.067990	-0.067990	0.000389	0.000065	
-1	-1	-1	1	-1	
0.643555	0.000791	0.053711	0.000493	0.616211	-0.000960	0.378906	-0.000187	0.327148	0.000441	0.353516	0.000335	0.045898	-0.001429	0.368164	-0.000808	0.064453	0.078046	0.386719	0.064978	0.000000	-0.198356	0.145508	-0.171265	0.095703	0.000150	0.000150	0.026909	0.026909	0.000791	0.000791	-0.000051	-0.000051	-0.000194	-0.000194	0.000000	0.000000	0.000570	0.000079	
-1	-1	-1	1	-1	
0.675781	0.000950	0.080078	0.000490	0.632812	-0.000845	0.343750	-0.000681	0.040039	0.000488	0.032227	0.000484	0.335938	-0.001206	0.087891	-0.001200	0.343750	0.113913	0.046875	0.072607	0.341797	-0.233731	0.155273	-0.169149	0.105469	0.000232	0.000232	0.050974	0.050974	0.000950	0.000950	-0.000141	-0.000141	-0.000250	-0.000250	-0.138195	-0.138195	0.000499	0.000081	
-1	-1	-1	1	-1	
0.633789	0.001152	0.060547	0.000265	0.590820	-0.000850	0.308594	-0.000642	0.012695	0.000528	0.304688	0.000449	0.157227	-0.001436	0.071289	-0.001224	0.319336	0.116953	0.023438	0.063994	0.317383	-0.237024	0.130859	-0.164053	0.180664	0.000243	0.000243	0.052263	0.052263	0.001152	0.001152	-0.000132	-0.000132	-0.000259	-0.000259	-0.134679	-0.134679	0.000534	0.000091	
-1	-1	-1	1	-1	
0.683594	0.000903	0.064453	0.000622	0.682617	-0.000893	0.331055	-0.000310	0.008789	0.000758	0.315430	0.000422	0.000977	-0.001715	0.331055	-0.001142	0.075195	0.083300	0.659180	0.081697	0.019531	-0.222481	0.119141	-0.186509	0.168945	0.000231	0.000231	0.042839	0.042839	0.000903	0.000903	-0.000170	-0.000170	-0.000348	-0.000348	-0.130316	-0.130316	0.000531	0.000103	
-1	-1	-1	1	-1	
0.600586	0.000811	0.014648	0.000386	0.555664	-0.000867	0.299805	-0.000152	0.541016	0.000685	0.040039	0.000664	0.289062	-0.001652	0.299805	-0.001096	0.029297	0.077563	0.599609	0.076758	0.297852	-0.210879	0.111328	-0.165475	0.061523	0.000185	0.000185	0.019305	0.019305	0.000811	0.000811	-0.000080	-0.000080	-0.000213	-0.000213	-0.130003	-0.130003	0.000561	0.000084	
-1	-1	-1	1	-1	
0.622070	0.001014	0.047852	0.000513	0.598633	-0.000861	0.308594	-0.000491	0.620117	0.000870	0.296875	0.000427	0.042969	-0.001567	0.307617	-0.001489	0.059570	0.095042	0.013672	0.068860	0.621094	-0.230414	0.120117	-0.151870	0.170898	0.000207	0.000207	0.044387	0.044387	0.001014	0.001014	-0.000113	-0.000113	-0.000285	-0.000285	-0.129476	-0.129476	0.000548	0.000084	
-1	-1	-1	1	-1	
0.628906	0.000979	0.057617	0.000594	0.580078	-0.001276	0.332031	-0.000512	0.001953	0.000884	0.298828	0.000366	0.009766	-0.001653	0.305664	-0.001184	0.068359	0.119837	0.021484	0.080647	0.302734	-0.238595	0.109375	-0.198332	0.159180	0.000213	0.000213	0.058189	0.058189	0.000979	0.000979	-0.000216	-0.000216	-0.000374	-0.000374	-0.151714	-0.151714	0.000620	0.000109	
-1	-1	-1	1	-1	
0.375000	0.001093	0.256836	0.001040	0.054688	-0.002498	0.246094	-0.002268	0.029297	0.001097	0.139648	0.000806	0.223633	-0.001666	0.062500	-0.001634	0.239258	0.145602	0.250000	0.103983	0.033203	-0.361470	0.117188	-0.180406	0.166992	0.000497	0.000497	0.056092	0.056092	0.001093	0.001093	0.000000	0.000000	-0.000690	-0.000690	-0.216945	-0.216945	0.001168	0.000220	
-1	-1	-1	1	-1	
0.312500	0.001168	0.043945	0.000375	0.309570	-0.001157	0.014648	-0.001109	0.184570	0.001670	0.172852	0.000933	0.121094	-0.002441	0.183594	-0.001833	0.047852	0.129717	0.024414	0.073525	0.196289	-0.351158	0.095703	-0.152347	0.145508	0.000567	0.000567	0.081235	0.081235	0.001168	0.001168	-0.000527	-0.000527	-0.000771	-0.000771	-0.244216	-0.244216	0.000963	0.000217	
-1	-1	-1	1	-1	
0.334961	0.001488	0.074219	0.000389	0.244141	-0.001173	0.192383	-0.001034	0.048828	0.001693	0.155273	0.000411	0.333008	-0.002392	0.082031	-0.001424	0.203125	0.138777	0.048828	0.062558	0.234375	-0.402701	0.117188	-0.136671	0.166992	0.000588	0.000588	0.066742	0.066742	0.001488	0.001488	-0.000518	-0.000518	-0.000922	-0.000922	-0.284203	-0.284203	0.000910	0.000256	
-1	-1	-1	1	-1	
0.319336	0.001346	0.049805	0.000375	0.250000	-0.001255	0.172852	-0.001197	0.023438	0.001993	0.134766	0.000411	0.000000	-0.002498	0.057617	-0.001283	0.183594	0.148403	0.021484	0.066074	0.179688	-0.397158	0.095703	-0.130740	0.145508	0.000835	0.000835	0.080256	0.080256	0.001346	0.001346	-0.000452	-0.000452	-0.000828	-0.000828	-0.261689	-0.261689	0.000995	0.000237	
-1	-1	-1	1	-1	
0.285156	0.001098	0.048828	0.000613	0.219727	-0.001377	0.175781	-0.001049	0.023438	0.001693	0.141602	0.000282	0.008789	-0.001727	0.059570	-0.001236	0.182617	0.110018	0.025391	0.072243	0.211914	-0.363392	0.095703	-0.131351	0.145508	0.000672	0.000672	0.073132	0.073132	0.001098	0.001098	-0.000398	-0.000398	-0.000725	-0.000725	-0.265447	-0.265447	0.000909	0.000266	
-1	-1	-1	1	-1	
0.329102	0.001053	0.076172	0.000401	0.000000	-0.001146	0.198242	-0.001001	0.045898	0.001672	0.165039	0.000334	0.031250	-0.001912	0.083008	-0.001829	0.206055	0.126156	0.048828	0.073644	0.203125	-0.382123	0.121094	-0.141186	0.170898	0.000492	0.000492	0.060707	0.060707	0.001053	0.001053	-0.000447	-0.000447	-0.000799	-0.000799	-0.270349	-0.270349	0.000913	0.000238	
-1	-1	-1	1	-1	
0.300781	0.001012	0.050781	0.000352	0.232422	-0.001181	0.176758	-0.001079	0.017578	0.001504	0.135742	0.000402	0.005859	-0.001947	0.061523	-0.001758	0.183594	0.130239	0.027344	0.083151	0.215820	-0.373793	0.095703	-0.199017	0.145508	0.000649	0.000649	0.074112	0.074112	0.001012	0.001012	-0.000462	-0.000462	-0.000820	-0.000820	-0.264845	-0.264845	0.000880	0.000245	
-1	-1	-1	1	-1	
0.291992	0.000926	0.076172	0.000762	0.236328	-0.001498	0.212891	-0.000951	0.042969	0.001530	0.161133	0.000308	0.028320	-0.001827	0.083984	-0.001283	0.198242	0.099378	0.046875	0.074508	0.223633	-0.376207	0.119141	-0.088510	0.168945	0.000398	0.000398	0.053757	0.053757	0.000926	0.000926	-0.000521	-0.000521	-0.000794	-0.000794	-0.267461	-0.267461	0.000898	0.000233	
-1	-1	-1	1	-1	
0.344727	0.001140	0.077148	0.000279	0.250977	-0.001140	0.203125	-0.000729	0.047852	0.001481	0.173828	0.000382	0.343750	-0.002108	0.084961	-0.001592	0.209961	0.111359	0.050781	0.091843	0.243164	-0.389141	0.125000	-0.104957	0.174805	0.000530	0.000530	0.057636	0.057636	0.001140	0.001140	-0.000372	-0.000372	-0.000813	-0.000813	-0.272293	-0.272293	0.000800	0.000218	
-1	-1	-1	1	-1	
0.280273	0.000976	0.050781	0.000352	0.212891	-0.001338	0.179688	-0.001129	0.017578	0.002037	0.138672	0.000461	0.009766	-0.001956	0.179688	-0.001704	0.057617	0.145368	0.024414	0.096626	0.175781	-0.365250	0.095703	-0.114911	0.145508	0.000687	0.000687	0.091460	0.091460	0.000976	0.000976	-0.000578	-0.000578	-0.000751	-0.000751	-0.256351	-0.256351	0.000867	0.000205	
-1	-1	-1	1	-1	
0.303711	0.000811	0.066406	0.000339	0.218750	-0.001595	0.188477	-0.000992	0.029297	0.002658	0.177734	0.000657	0.125977	-0.003054	0.188477	-0.001614	0.070312	0.133924	0.042969	0.118576	0.185547	-0.360333	0.113281	-0.093989	0.163086	0.000560	0.000560	0.077975	0.077975	0.000811	0.000811	-0.000411	-0.000411	-0.000721	-0.000721	-0.257780	-0.257780	0.000782	0.000160	
-1	-1	-1	1	-1	
0.311523	0.000946	0.056641	0.000436	0.249023	-0.001149	0.177734	-0.000942	0.026367	0.001853	0.140625	0.000336	0.252930	-0.001982	0.059570	-0.001409	0.185547	0.135757	0.031250	0.078313	0.181641	-0.358619	0.095703	-0.147976	0.145508	0.000809	0.000809	0.084154	0.084154	0.000946	0.000946	-0.000345	-0.000345	-0.000741	-0.000741	-0.248994	-0.248994	0.000748	0.000155	
-1	-1	-1	1	-1	
0.304688	0.000773	0.052734	0.000466	0.211914	-0.001199	0.178711	-0.000703	0.023438	0.001708	0.149414	0.000302	0.011719	-0.001722	0.178711	-0.001594	0.059570	0.126429	0.025391	0.091411	0.186523	-0.350230	0.101562	-0.083410	0.151367	0.000785	0.000785	0.095564	0.095564	0.000773	0.000773	-0.000359	-0.000359	-0.000666	-0.000666	-0.244429	-0.244429	0.000693	0.000203	
-1	-1	-1	1	-1	
0.315430	0.000768	0.047852	0.000583	0.239258	-0.001192	0.168945	-0.000950	0.014648	0.001780	0.135742	0.000379	0.000000	-0.001469	0.176758	-0.001433	0.058594	0.139616	0.022461	0.082545	0.208984	-0.340842	0.095703	-0.123136	0.145508	0.000868	0.000868	0.092008	0.092008	0.000768	0.000768	-0.000377	-0.000377	-0.000617	-0.000617	-0.230671	-0.230671	0.000730	0.000189	
-1	-1	-1	1	-1	
0.715820	0.000977	0.044922	0.000773	0.218750	-0.001645	0.188477	-0.000850	0.015625	0.001324	0.129883	0.001054	0.179688	-0.002185	0.188477	-0.001686	0.052734	0.111289	0.016602	0.099487	0.642578	-0.330143	0.095703	-0.122734	0.258789	0.000457	0.000457	0.060525	0.060525	0.000977	0.000977	-0.000368	-0.000368	-0.000396	-0.000396	-0.138722	-0.138722	0.000800	0.000180	
-1	-1	-1	1	-1	
0.715820	0.000444	0.029297	0.000309	0.084961	0.000000	0.000000	0.000000	0.000000	0.000336	0.143555	0.000000	0.000000	-0.000258	0.040039	-0.000107	0.089844	0.016711	0.000977	0.000000	0.000000	-0.206448	0.095703	-0.134133	0.145508	0.000202	0.000202	0.011686	0.011686	0.000444	0.000444	0.000000	0.000000	-0.000146	-0.000146	-0.145559	-0.145559	0.000425	0.000113	
-1	-1	-1	1	-1	
0.201172	0.001740	0.181641	0.001298	0.049805	-0.005517	0.174805	-0.001645	0.027344	0.002920	0.125977	0.000754	0.185547	-0.002768	0.056641	-0.002009	0.166992	0.198128	0.174805	0.123294	0.028320	-0.440774	0.095703	0.000000	0.000000	0.000318	0.000318	0.080236	0.080236	0.001740	0.001740	-0.000816	-0.000816	-0.001225	-0.001225	0.000000	0.000000	0.001991	0.000530	
-1	-1	-1	1	-1	
0.405273	0.001159	0.395508	0.001135	0.264648	-0.002474	0.362305	-0.001839	0.040039	0.004735	0.358398	0.003234	0.161133	-0.002958	0.369141	-0.002954	0.171875	0.171604	0.246094	0.162335	0.166992	-0.453023	0.304688	-0.447837	0.105469	0.001068	0.001068	0.093588	0.093588	0.001159	0.001159	-0.000790	-0.000790	-0.001312	-0.001312	-0.262053	-0.262053	0.001510	0.000483	
-1	-1	-1	1	-1	
0.188477	0.001177	0.052734	0.000872	0.102539	-0.002955	0.153320	-0.001976	0.035156	0.006308	0.149414	0.000523	0.000000	-0.003278	0.156250	-0.002755	0.060547	0.194775	0.154297	0.159608	0.034180	-0.412566	0.095703	0.000000	0.000000	0.000285	0.000285	0.095623	0.095623	0.001177	0.001177	-0.000980	-0.000980	-0.001276	-0.001276	-0.217386	-0.217386	0.001742	0.000543	
-1	-1	-1	1	-1	
0.193359	0.002118	0.186523	0.001157	0.057617	-0.003459	0.167969	-0.002119	0.038086	0.006082	0.149414	0.000597	0.015625	-0.003010	0.160156	-0.002878	0.064453	0.202047	0.168945	0.158327	0.037109	-0.421179	0.094727	-0.003783	0.144531	0.000351	0.000351	0.100978	0.100978	0.002118	0.002118	-0.001169	-0.001169	-0.001342	-0.001342	-0.238598	-0.238598	0.001922	0.000492	
-1	-1	-1	1	-1	
0.185547	0.001989	0.178711	0.001621	0.000000	-0.003906	0.170898	-0.001605	0.034180	0.004714	0.148438	0.000621	0.015625	-0.002749	0.067383	-0.002035	0.160156	0.214907	0.173828	0.156151	0.040039	-0.458760	0.095703	0.000000	0.000000	0.000378	0.000378	0.091434	0.091434	0.001989	0.001989	-0.001090	-0.001090	-0.001421	-0.001421	-0.228991	-0.228991	0.001910	0.000494	
-1	-1	-1	1	-1	
0.161133	0.000949	0.063477	0.000777	0.000000	-0.002985	0.152344	-0.001684	0.037109	0.005914	0.144531	0.000495	0.030273	-0.002582	0.059570	-0.002441	0.155273	0.239315	0.149414	0.134351	0.041992	-0.434248	0.095703	0.000000	0.000000	0.000227	0.000227	0.094138	0.094138	0.000949	0.000949	-0.000882	-0.000882	-0.001401	-0.001401	-0.144642	-0.144642	0.001854	0.000446	
-1	-1	-1	1	-1	
0.179688	0.001448	0.013672	0.000973	0.073242	-0.003116	0.001953	-0.002348	0.168945	0.003404	0.139648	0.000614	0.039062	-0.002657	0.080078	-0.002371	0.168945	0.208127	0.166992	0.195192	0.006836	-0.424532	0.109375	0.000000	0.000000	0.000391	0.000391	0.112082	0.112082	0.001448	0.001448	-0.001170	-0.001170	-0.001265	-0.001265	-0.136106	-0.136106	0.001910	0.000485	
-1	-1	-1	1	-1	
0.175781	0.001254	0.067383	0.000929	0.152344	-0.002643	0.174805	-0.002159	0.000977	0.004715	0.152344	0.000550	0.022461	-0.002674	0.163086	-0.002547	0.074219	0.207471	0.159180	0.190767	0.002930	-0.399483	0.109375	0.000000	0.000000	0.000311	0.000311	0.111353	0.111353	0.001254	0.001254	-0.001234	-0.001234	-0.001151	-0.001151	-0.134123	-0.134123	0.001711	0.000431	
-1	-1	-1	1	-1	
0.190430	0.001672	0.183594	0.001308	0.065430	-0.005036	0.168945	-0.002643	0.000000	0.003510	0.154297	0.000552	0.032227	-0.002845	0.069336	-0.002681	0.161133	0.237854	0.170898	0.190931	0.000977	-0.442428	0.099609	0.000000	0.000000	0.000332	0.000332	0.118725	0.118725	0.001672	0.001672	-0.001150	-0.001150	-0.001466	-0.001466	-0.207133	-0.207133	0.002013	0.000521	
-1	-1	-1	1	-1	
0.195312	0.001058	0.000000	0.000942	0.193359	-0.003293	0.182617	-0.001504	0.038086	0.003916	0.156250	0.000638	0.000000	-0.002673	0.067383	-0.002663	0.166992	0.182541	0.188477	0.139552	0.041992	-0.422967	0.101562	0.000000	0.000000	0.000252	0.000252	0.095396	0.095396	0.001058	0.001058	-0.000834	-0.000834	-0.001307	-0.001307	-0.234826	-0.234826	0.001654	0.000441	
-1	-1	-1	1	-1	
0.189453	0.001165	0.175781	0.001127	0.054688	-0.004551	0.168945	-0.001404	0.032227	0.003588	0.146484	0.000572	0.005859	-0.002996	0.157227	-0.002810	0.061523	0.195416	0.174805	0.152083	0.000000	-0.440417	0.095703	0.000000	0.000000	0.000292	0.000292	0.102076	0.102076	0.001165	0.001165	-0.000756	-0.000756	-0.001181	-0.001181	-0.235649	-0.235649	0.001721	0.000518	
-1	-1	-1	1	-1	
0.195312	0.001128	0.194336	0.001008	0.064453	-0.002615	0.164062	-0.001516	0.030273	0.004776	0.160156	0.000597	0.023438	-0.002281	0.071289	-0.001874	0.167969	0.252311	0.166992	0.139864	0.041016	-0.404684	0.112305	0.000000	0.000000	0.000329	0.000329	0.094884	0.094884	0.001128	0.001128	-0.000964	-0.000964	-0.001205	-0.001205	-0.177447	-0.177447	0.001624	0.000430	
-1	-1	-1	1	-1	
0.160156	0.001128	0.000000	0.001094	0.061523	-0.002237	0.154297	-0.001577	0.028320	0.003766	0.150391	0.000857	0.005859	-0.002039	0.057617	-0.001972	0.153320	0.226488	0.155273	0.196819	0.000000	-0.358055	0.095703	0.000000	0.000000	0.000247	0.000247	0.133674	0.133674	0.001128	0.001128	-0.000812	-0.000812	-0.001329	-0.001329	-0.106639	-0.106639	0.001187	0.000291	
-1	-1	-1	1	-1	
0.203125	0.001025	0.083008	0.000922	0.030273	-0.004837	0.201172	-0.003299	0.012695	0.003412	0.148438	0.000701	0.004883	-0.002331	0.185547	-0.002263	0.089844	0.237872	0.021484	0.209784	0.201172	-0.363986	0.119141	0.000000	0.000000	0.000332	0.000332	0.152677	0.152677	0.001025	0.001025	-0.001415	-0.001415	-0.001124	-0.001124	-0.111804	-0.111804	0.001455	0.000324	
-1	-1	-1	1	-1	
0.203125	0.001478	0.004883	0.001336	0.060547	-0.004837	0.000000	-0.002166	0.156250	0.002568	0.129883	0.001010	0.004883	-0.003232	0.071289	-0.002239	0.000000	0.256216	0.001953	0.165959	0.180664	-0.410850	0.095703	-0.011290	0.201172	0.000387	0.000387	0.153515	0.153515	0.001478	0.001478	-0.001370	-0.001370	-0.001368	-0.001368	-0.256670	-0.256670	0.001274	0.000315	
-1	-1	-1	1	-1	
0.523438	0.000778	0.238281	0.000667	0.288086	-0.002308	0.250000	-0.000927	0.105469	0.004769	0.242188	0.001441	0.130859	-0.002788	0.250000	-0.000802	0.171875	0.269806	0.243164	0.087744	0.489258	-0.186661	0.111328	-0.062981	0.363281	0.000556	0.000556	0.065710	0.065710	0.000778	0.000778	-0.000722	-0.000722	-0.000542	-0.000542	0.000000	0.000000	0.001209	0.000289	
-1	-1	-1	-1	1	
0.556641	0.000842	0.241211	0.000660	0.123047	-0.002761	0.278320	-0.001190	0.089844	0.003952	0.241211	0.002044	0.119141	-0.002112	0.249023	-0.000712	0.164062	0.258362	0.246094	0.072411	0.555664	-0.225687	0.105469	-0.058481	0.313477	0.000527	0.000527	0.057145	0.057145	0.000842	0.000842	-0.000698	-0.000698	-0.000411	-0.000411	-0.089829	-0.089829	0.001213	0.000279	
-1	-1	-1	-1	1	
0.608398	0.001194	0.259766	0.001036	0.133789	-0.002708	0.266602	-0.001285	0.103516	0.005182	0.259766	0.002106	0.129883	-0.002830	0.266602	-0.000817	0.188477	0.263682	0.262695	0.085256	0.016602	-0.237742	0.119141	-0.059673	0.354492	0.000605	0.000605	0.066099	0.066099	0.001194	0.001194	-0.000723	-0.000723	-0.000433	-0.000433	-0.093472	-0.093472	0.001145	0.000246	
-1	-1	-1	-1	1	
0.633789	0.001122	0.245117	0.000565	0.178711	-0.002941	0.251953	-0.001054	0.092773	0.006503	0.245117	0.001834	0.119141	-0.002679	0.255859	-0.000669	0.160156	0.280744	0.247070	0.077745	0.607422	-0.215271	0.105469	-0.061640	0.334961	0.000515	0.000515	0.055197	0.055197	0.001122	0.001122	-0.000702	-0.000702	-0.000468	-0.000468	-0.075204	-0.075204	0.001401	0.000250	
-1	-1	-1	-1	1	
0.515625	0.001412	0.111328	0.001349	0.249023	-0.003107	0.256836	-0.001641	0.085938	0.006357	0.249023	0.002598	0.107422	-0.003486	0.256836	-0.000817	0.092773	0.274755	0.251953	0.078984	0.481445	-0.252151	0.095703	-0.080265	0.329102	0.000761	0.000761	0.060332	0.060332	0.001412	0.001412	-0.000669	-0.000669	-0.000387	-0.000387	-0.086699	-0.086699	0.001103	0.000258	
-1	-1	-1	-1	1	
0.595703	0.001100	0.241211	0.000618	0.177734	-0.002963	0.248047	-0.001000	0.088867	0.005992	0.241211	0.001670	0.118164	-0.003022	0.251953	-0.000655	0.166992	0.294231	0.244141	0.091247	0.594727	-0.224106	0.103516	-0.070877	0.347656	0.000596	0.000596	0.068286	0.068286	0.001100	0.001100	-0.000717	-0.000717	-0.000453	-0.000453	-0.081435	-0.081435	0.000889	0.000172	
-1	-1	-1	-1	1	
0.568359	0.001061	0.239258	0.000931	0.117188	-0.002363	0.247070	-0.001088	0.090820	0.004667	0.239258	0.001881	0.113281	-0.002866	0.250000	-0.000673	0.172852	0.266440	0.243164	0.095643	0.008789	-0.234090	0.102539	-0.089697	0.307617	0.000640	0.000640	0.061925	0.061925	0.001061	0.001061	-0.000719	-0.000719	-0.000436	-0.000436	-0.101696	-0.101696	0.000824	0.000158	
-1	-1	-1	-1	1	
0.616211	0.000862	0.116211	0.000861	0.227539	-0.001865	0.235352	-0.001094	0.086914	0.004495	0.227539	0.001864	0.112305	-0.002262	0.238281	-0.000624	0.156250	0.252344	0.231445	0.093840	0.000977	-0.206776	0.095703	-0.070773	0.323242	0.000519	0.000519	0.053305	0.053305	0.000862	0.000862	-0.000520	-0.000520	-0.000434	-0.000434	-0.089652	-0.089652	0.000737	0.000153	
-1	-1	-1	-1	1	
0.616211	0.001183	0.241211	0.000653	0.185547	-0.002582	0.249023	-0.001028	0.552734	0.006191	0.241211	0.001850	0.123047	-0.003380	0.252930	-0.000664	0.181641	0.244431	0.243164	0.103109	0.008789	-0.205152	0.113281	-0.181727	0.552734	0.000614	0.000614	0.062728	0.062728	0.001183	0.001183	-0.000621	-0.000621	-0.000505	-0.000505	-0.078620	-0.078620	0.000887	0.000207	
-1	-1	-1	-1	1	
0.461914	0.002392	0.109375	0.001658	0.275391	-0.006711	0.279297	-0.002418	0.093750	0.011506	0.275391	0.005329	0.105469	-0.008191	0.282227	-0.001348	0.112305	0.352386	0.273438	0.125322	0.131836	-0.333857	0.095703	-0.068616	0.239258	0.000587	0.000587	0.079836	0.079836	0.002392	0.002392	-0.001008	-0.001008	-0.000544	-0.000544	0.000000	0.000000	0.002712	0.000309	
-1	-1	-1	-1	1	
0.420898	0.001210	0.250977	0.001021	0.110352	-0.004730	0.281250	-0.001555	0.084961	0.008884	0.250977	0.002451	0.106445	-0.004707	0.258789	-0.000632	0.095703	0.357453	0.251953	0.088397	0.419922	-0.253584	0.095703	-0.104230	0.325195	0.000512	0.000512	0.041063	0.041063	0.001210	0.001210	-0.000704	-0.000704	-0.000400	-0.000400	-0.094913	-0.094913	0.001865	0.000345	
-1	-1	-1	-1	1	
0.517578	0.001802	0.267578	0.001037	0.130859	-0.003063	0.275391	-0.001619	0.108398	0.008506	0.267578	0.002967	0.130859	-0.004202	0.275391	-0.000753	0.116211	0.284467	0.268555	0.092957	0.006836	-0.252482	0.115234	-0.077408	0.357422	0.000454	0.000454	0.052963	0.052963	0.001802	0.001802	-0.000632	-0.000632	-0.000357	-0.000357	-0.088470	-0.088470	0.001547	0.000304	
-1	-1	-1	-1	1	
0.426758	0.001078	0.110352	0.001001	0.295898	-0.004713	0.284180	-0.001452	0.083984	0.006947	0.254883	0.002614	0.110352	-0.003973	0.262695	-0.000661	0.166016	0.359524	0.255859	0.071291	0.425781	-0.250291	0.095703	-0.083905	0.215820	0.000511	0.000511	0.039783	0.039783	0.001078	0.001078	-0.000613	-0.000613	-0.000449	-0.000449	-0.095734	-0.095734	0.001945	0.000315	
-1	-1	-1	-1	1	
0.493164	0.001633	0.269531	0.000554	0.187500	-0.003868	0.302734	-0.001427	0.102539	0.010003	0.269531	0.001834	0.131836	-0.004173	0.276367	-0.000615	0.180664	0.355918	0.269531	0.077385	0.017578	-0.223216	0.117188	-0.052240	0.363281	0.000381	0.000381	0.038550	0.038550	0.001633	0.001633	-0.000523	-0.000523	-0.000341	-0.000341	-0.076574	-0.076574	0.001861	0.000292	
-1	-1	-1	-1	1	
0.466797	0.002170	0.109375	0.001400	0.265625	-0.004236	0.273438	-0.002118	0.098633	0.009734	0.265625	0.003715	0.109375	-0.005317	0.273438	-0.001119	0.395508	0.318114	0.266602	0.098649	0.464844	-0.295904	0.095703	-0.121307	0.400391	0.000573	0.000573	0.056100	0.056100	0.002170	0.002170	-0.000778	-0.000778	-0.000477	-0.000477	-0.101981	-0.101981	0.001951	0.000342	
-1	-1	-1	-1	1	
0.469727	0.001082	0.110352	0.000806	0.250977	-0.004589	0.258789	-0.001833	0.088867	0.009389	0.250977	0.002880	0.110352	-0.004597	0.262695	-0.000896	0.095703	0.345554	0.253906	0.104021	0.442383	-0.226934	0.095703	-0.081320	0.343750	0.000432	0.000432	0.039004	0.039004	0.001082	0.001082	-0.000822	-0.000822	-0.000462	-0.000462	-0.087100	-0.087100	0.001800	0.000319	
-1	-1	-1	-1	1	
0.544922	0.001869	0.115234	0.001748	0.259766	-0.003813	0.289062	-0.001867	0.107422	0.008211	0.259766	0.003964	0.115234	-0.004385	0.266602	-0.000702	0.104492	0.321116	0.260742	0.125866	0.155273	-0.273977	0.103516	-0.087250	0.326172	0.000895	0.000895	0.081453	0.081453	0.001869	0.001869	-0.000784	-0.000784	-0.000479	-0.000479	-0.094715	-0.094715	0.001836	0.000313	
-1	-1	-1	-1	1	
0.482422	0.001772	0.107422	0.000947	0.308594	-0.003959	0.287109	-0.002037	0.096680	0.007216	0.258789	0.003152	0.103516	-0.003945	0.268555	-0.000886	0.159180	0.327851	0.261719	0.137221	0.137695	-0.316937	0.095703	-0.079457	0.326172	0.000559	0.000559	0.080390	0.080390	0.001772	0.001772	-0.000704	-0.000704	-0.000369	-0.000369	-0.100733	-0.100733	0.002159	0.000361	
-1	-1	-1	-1	1	
0.555664	0.001720	0.116211	0.001323	0.267578	-0.005423	0.274414	-0.002038	0.100586	0.008687	0.266602	0.003627	0.112305	-0.006176	0.278320	-0.000923	0.166992	0.336330	0.268555	0.110354	0.547852	-0.306059	0.103516	-0.070055	0.388672	0.000883	0.000883	0.076799	0.076799	0.001720	0.001720	-0.001065	-0.001065	-0.000489	-0.000489	-0.094725	-0.094725	0.002033	0.000294	
-1	-1	-1	-1	1	
0.481445	0.001346	0.108398	0.000988	0.264648	-0.004105	0.268555	-0.001845	0.101562	0.009470	0.264648	0.003767	0.108398	-0.005051	0.272461	-0.000969	0.164062	0.325273	0.266602	0.109281	0.147461	-0.299622	0.095703	-0.078772	0.356445	0.000585	0.000585	0.073013	0.073013	0.001346	0.001346	-0.000791	-0.000791	-0.000399	-0.000399	-0.096589	-0.096589	0.002178	0.000327	
-1	-1	-1	-1	1	
0.478516	0.001543	0.112305	0.001295	0.272461	-0.005644	0.280273	-0.002222	0.101562	0.010558	0.272461	0.004332	0.108398	-0.004715	0.279297	-0.000993	0.130859	0.371334	0.271484	0.140813	0.423828	-0.282901	0.095703	-0.119376	0.372070	0.000627	0.000627	0.022695	0.022695	0.001543	0.001543	-0.000738	-0.000738	-0.000376	-0.000376	0.000000	0.000000	0.002196	0.000341	
-1	-1	-1	-1	1	
0.475586	0.003470	0.109375	0.001007	0.332031	-0.005912	0.313477	-0.003326	0.097656	0.007612	0.105469	0.007478	0.287109	-0.003612	0.293945	-0.003102	0.113281	0.399557	0.289062	0.187514	0.129883	-0.397253	0.095703	-0.117230	0.411133	0.000839	0.000839	0.084571	0.084571	0.003470	0.003470	-0.000807	-0.000807	-0.000585	-0.000585	-0.084148	-0.084148	0.002749	0.000400	
-1	-1	-1	-1	1	
0.533203	0.003105	0.120117	0.001635	0.308594	-0.005461	0.312500	-0.003722	0.112305	0.012014	0.308594	0.006085	0.119141	-0.005597	0.316406	-0.003665	0.515625	0.424710	0.310547	0.234974	0.506836	-0.398594	0.109375	-0.147777	0.464844	0.000682	0.000682	0.109083	0.109083	0.003105	0.003105	-0.000763	-0.000763	-0.000514	-0.000514	-0.083226	-0.083226	0.002508	0.000377	
-1	-1	-1	-1	1	
0.554688	0.003117	0.105469	0.001321	0.283203	-0.004762	0.290039	-0.003223	0.094727	0.008477	0.282227	0.005594	0.101562	-0.004921	0.290039	-0.001582	0.109375	0.430775	0.285156	0.189153	0.000000	-0.362473	0.095703	-0.095549	0.384766	0.000668	0.000668	0.090914	0.090914	0.003117	0.003117	-0.000749	-0.000749	-0.000427	-0.000427	-0.080558	-0.080558	0.002891	0.000359	
-1	-1	-1	-1	1	
0.566406	0.003405	0.110352	0.001532	0.288086	-0.005740	0.294922	-0.003795	0.098633	0.013202	0.287109	0.007825	0.106445	-0.005963	0.294922	-0.002697	0.125000	0.354973	0.288086	0.193206	0.132812	-0.390994	0.095703	-0.122714	0.412109	0.000740	0.000740	0.074655	0.074655	0.003405	0.003405	-0.000799	-0.000799	-0.000429	-0.000429	-0.077741	-0.077741	0.003282	0.000368	
-1	-1	-1	-1	1	
0.585938	0.002140	0.106445	0.000509	0.273438	-0.005855	0.281250	-0.002542	0.095703	0.010529	0.277344	0.006204	0.106445	-0.006206	0.284180	-0.001546	0.128906	0.380237	0.275391	0.100468	0.581055	-0.332343	0.095703	-0.087570	0.365234	0.001157	0.001157	0.078893	0.078893	0.002140	0.002140	-0.001004	-0.001004	-0.000613	-0.000613	-0.080520	-0.080520	0.002603	0.000303	
-1	-1	-1	-1	1	
0.585938	0.002352	0.110352	0.001376	0.325195	-0.005459	0.288086	-0.003248	0.099609	0.008340	0.284180	0.007794	0.106445	-0.005400	0.291016	-0.001773	0.114258	0.388507	0.283203	0.164781	0.133789	-0.367295	0.095703	-0.050481	0.367188	0.001151	0.001151	0.089023	0.089023	0.002352	0.002352	-0.000865	-0.000865	-0.000557	-0.000557	-0.079766	-0.079766	0.002435	0.000309	
-1	-1	-1	-1	1	
0.640625	0.002912	0.110352	0.001170	0.318359	-0.007037	0.291992	-0.003113	0.103516	0.011165	0.288086	0.006203	0.106445	-0.006094	0.294922	-0.001703	0.113281	0.465248	0.288086	0.151951	0.137695	-0.333886	0.095703	-0.064906	0.388672	0.001106	0.001106	0.103954	0.103954	0.002912	0.002912	-0.001299	-0.001299	-0.000706	-0.000706	-0.082758	-0.082758	0.003359	0.000306	
-1	-1	-1	-1	1	
0.562500	0.002596	0.108398	0.002215	0.319336	-0.009454	0.308594	-0.003067	0.096680	0.008841	0.290039	0.005435	0.467773	-0.003741	0.311523	-0.001600	0.474609	0.442166	0.288086	0.132147	0.131836	-0.315692	0.095703	-0.129249	0.457031	0.000576	0.000576	0.070126	0.070126	0.002596	0.002596	-0.000722	-0.000722	-0.000420	-0.000420	-0.079676	-0.079676	0.003425	0.000395	
-1	-1	-1	-1	1	
0.562500	0.003323	0.108398	0.001838	0.293945	-0.006143	0.301758	-0.003633	0.100586	0.010115	0.293945	0.006460	0.108398	-0.004986	0.300781	-0.002447	0.123047	0.437621	0.295898	0.210840	0.129883	-0.375803	0.095703	-0.099074	0.472656	0.000727	0.000727	0.058464	0.058464	0.003323	0.003323	-0.000747	-0.000747	-0.000502	-0.000502	-0.080560	-0.080560	0.002803	0.000346	
-1	-1	-1	-1	1	
0.591797	0.004861	0.075195	0.001331	0.301758	-0.007756	0.279297	-0.005009	0.064453	0.012421	0.271484	0.007290	0.072266	-0.007425	0.279297	-0.003265	0.079102	0.396743	0.271484	0.283911	0.083984	-0.386179	0.065430	-0.107900	0.431641	0.001244	0.001244	0.171622	0.171622	0.004861	0.004861	-0.001498	-0.001498	-0.000826	-0.000826	0.000000	0.000000	0.004306	0.000427	
-1	-1	-1	-1	1	
0.597656	0.003221	0.124023	0.001565	0.338867	-0.008868	0.331055	-0.005066	0.112305	0.012020	0.120117	0.010254	0.328125	-0.006519	0.334961	-0.003907	0.127930	0.485569	0.327148	0.270023	0.128906	-0.419960	0.111328	-0.057862	0.431641	0.000846	0.000846	0.068989	0.068989	0.003221	0.003221	-0.000953	-0.000953	-0.000498	-0.000498	-0.064425	-0.064425	0.004221	0.000358	
-1	-1	-1	-1	1	
0.596680	0.003052	0.105469	0.001943	0.312500	-0.007567	0.316406	-0.005610	0.097656	0.013061	0.312500	0.010949	0.105469	-0.007043	0.319336	-0.004483	0.120117	0.484645	0.313477	0.257491	0.114258	-0.401512	0.095703	-0.182927	0.438477	0.000683	0.000683	0.050219	0.050219	0.003052	0.003052	-0.000853	-0.000853	-0.000641	-0.000641	-0.094399	-0.094399	0.004222	0.000427	
-1	-1	-1	-1	1	
0.587891	0.003886	0.105469	0.002458	0.342773	-0.008578	0.328125	-0.005116	0.098633	0.013664	0.305664	0.011897	0.102539	-0.005364	0.313477	-0.004740	0.472656	0.433608	0.307617	0.270858	0.465820	-0.457109	0.105469	-0.178785	0.459961	0.000818	0.000818	0.052107	0.052107	0.003886	0.003886	-0.000736	-0.000736	-0.000580	-0.000580	-0.132540	-0.132540	0.003967	0.000382	
-1	-1	-1	-1	1	
0.580078	0.004217	0.107422	0.002118	0.340820	-0.011006	0.318359	-0.004980	0.099609	0.011623	0.310547	0.009051	0.103516	-0.005849	0.317383	-0.004465	0.111328	0.477760	0.311523	0.326260	0.114258	-0.424579	0.095703	-0.184149	0.431641	0.000796	0.000796	0.089315	0.089315	0.004217	0.004217	-0.000719	-0.000719	-0.000638	-0.000638	-0.081318	-0.081318	0.004044	0.000440	
-1	-1	-1	-1	1	
0.637695	0.002141	0.312500	0.001680	0.453125	-0.006763	0.334961	-0.003578	0.112305	0.010179	0.312500	0.007528	0.119141	-0.005793	0.323242	-0.003096	0.464844	0.446865	0.315430	0.217686	0.145508	-0.374665	0.109375	-0.195777	0.435547	0.000851	0.000851	0.075051	0.075051	0.002141	0.002141	-0.000866	-0.000866	-0.000546	-0.000546	-0.091907	-0.091907	0.003154	0.000421	
-1	-1	-1	-1	1	
0.623047	0.003262	0.108398	0.001911	0.301758	-0.008041	0.308594	-0.004978	0.097656	0.010674	0.301758	0.010111	0.104492	-0.005876	0.312500	-0.003186	0.123047	0.462780	0.301758	0.231171	0.115234	-0.400891	0.095703	-0.088548	0.145508	0.000952	0.000952	0.113310	0.113310	0.003262	0.003262	-0.001109	-0.001109	-0.000722	-0.000722	-0.069961	-0.069961	0.003893	0.000341	
-1	-1	-1	-1	1	
0.644531	0.003676	0.107422	0.001870	0.303711	-0.010499	0.326172	-0.004700	0.099609	0.011948	0.307617	0.008261	0.103516	-0.005571	0.314453	-0.003134	0.122070	0.454733	0.307617	0.201622	0.113281	-0.392562	0.095703	-0.092005	0.311523	0.001141	0.001141	0.065238	0.065238	0.003676	0.003676	-0.000820	-0.000820	-0.000753	-0.000753	-0.096475	-0.096475	0.003634	0.000368	
-1	-1	-1	-1	1	
0.592773	0.003922	0.108398	0.002490	0.295898	-0.010716	0.315430	-0.004585	0.100586	0.012832	0.295898	0.006396	0.107422	-0.004995	0.303711	-0.002466	0.559570	0.465969	0.295898	0.202531	0.116211	-0.352388	0.096680	-0.087833	0.465820	0.000620	0.000620	0.062680	0.062680	0.003922	0.003922	-0.000771	-0.000771	-0.000534	-0.000534	-0.059252	-0.059252	0.004197	0.000402	
-1	-1	-1	-1	1	
0.592773	0.002885	0.336914	0.002366	0.125977	-0.008531	0.326172	-0.003319	0.118164	0.013138	0.311523	0.006915	0.122070	-0.005084	0.329102	-0.002096	0.140625	0.431011	0.311523	0.134314	0.144531	-0.341615	0.125000	-0.081902	0.075195	0.000636	0.000636	0.040172	0.040172	0.002885	0.002885	-0.000682	-0.000682	-0.000444	-0.000444	-0.106010	-0.106010	0.003512	0.000311	
-1	-1	-1	-1	1	
