40	39	4
0.523438	0.000778	0.238281	0.000667	0.288086	-0.002308	0.250000	-0.000927	0.105469	0.004769	0.242188	0.001441	0.130859	-0.002788	0.250000	-0.000802	0.171875	0.269806	0.243164	0.087744	0.489258	-0.186661	0.111328	-0.062981	0.363281	0.000556	0.000556	0.065710	0.065710	0.000778	0.000778	-0.000722	-0.000722	-0.000542	-0.000542	0.000000	0.000000	0.001209	0.000289	
1	-1	-1	-1	
0.556641	0.000842	0.241211	0.000660	0.123047	-0.002761	0.278320	-0.001190	0.089844	0.003952	0.241211	0.002044	0.119141	-0.002112	0.249023	-0.000712	0.164062	0.258362	0.246094	0.072411	0.555664	-0.225687	0.105469	-0.058481	0.313477	0.000527	0.000527	0.057145	0.057145	0.000842	0.000842	-0.000698	-0.000698	-0.000411	-0.000411	-0.089829	-0.089829	0.001213	0.000279	
1	-1	-1	-1	
0.608398	0.001194	0.259766	0.001036	0.133789	-0.002708	0.266602	-0.001285	0.103516	0.005182	0.259766	0.002106	0.129883	-0.002830	0.266602	-0.000817	0.188477	0.263682	0.262695	0.085256	0.016602	-0.237742	0.119141	-0.059673	0.354492	0.000605	0.000605	0.066099	0.066099	0.001194	0.001194	-0.000723	-0.000723	-0.000433	-0.000433	-0.093472	-0.093472	0.001145	0.000246	
1	-1	-1	-1	
0.633789	0.001122	0.245117	0.000565	0.178711	-0.002941	0.251953	-0.001054	0.092773	0.006503	0.245117	0.001834	0.119141	-0.002679	0.255859	-0.000669	0.160156	0.280744	0.247070	0.077745	0.607422	-0.215271	0.105469	-0.061640	0.334961	0.000515	0.000515	0.055197	0.055197	0.001122	0.001122	-0.000702	-0.000702	-0.000468	-0.000468	-0.075204	-0.075204	0.001401	0.000250	
1	-1	-1	-1	
0.515625	0.001412	0.111328	0.001349	0.249023	-0.003107	0.256836	-0.001641	0.085938	0.006357	0.249023	0.002598	0.107422	-0.003486	0.256836	-0.000817	0.092773	0.274755	0.251953	0.078984	0.481445	-0.252151	0.095703	-0.080265	0.329102	0.000761	0.000761	0.060332	0.060332	0.001412	0.001412	-0.000669	-0.000669	-0.000387	-0.000387	-0.086699	-0.086699	0.001103	0.000258	
1	-1	-1	-1	
0.595703	0.001100	0.241211	0.000618	0.177734	-0.002963	0.248047	-0.001000	0.088867	0.005992	0.241211	0.001670	0.118164	-0.003022	0.251953	-0.000655	0.166992	0.294231	0.244141	0.091247	0.594727	-0.224106	0.103516	-0.070877	0.347656	0.000596	0.000596	0.068286	0.068286	0.001100	0.001100	-0.000717	-0.000717	-0.000453	-0.000453	-0.081435	-0.081435	0.000889	0.000172	
1	-1	-1	-1	
0.568359	0.001061	0.239258	0.000931	0.117188	-0.002363	0.247070	-0.001088	0.090820	0.004667	0.239258	0.001881	0.113281	-0.002866	0.250000	-0.000673	0.172852	0.266440	0.243164	0.095643	0.008789	-0.234090	0.102539	-0.089697	0.307617	0.000640	0.000640	0.061925	0.061925	0.001061	0.001061	-0.000719	-0.000719	-0.000436	-0.000436	-0.101696	-0.101696	0.000824	0.000158	
1	-1	-1	-1	
0.616211	0.000862	0.116211	0.000861	0.227539	-0.001865	0.235352	-0.001094	0.086914	0.004495	0.227539	0.001864	0.112305	-0.002262	0.238281	-0.000624	0.156250	0.252344	0.231445	0.093840	0.000977	-0.206776	0.095703	-0.070773	0.323242	0.000519	0.000519	0.053305	0.053305	0.000862	0.000862	-0.000520	-0.000520	-0.000434	-0.000434	-0.089652	-0.089652	0.000737	0.000153	
1	-1	-1	-1	
0.616211	0.001183	0.241211	0.000653	0.185547	-0.002582	0.249023	-0.001028	0.552734	0.006191	0.241211	0.001850	0.123047	-0.003380	0.252930	-0.000664	0.181641	0.244431	0.243164	0.103109	0.008789	-0.205152	0.113281	-0.181727	0.552734	0.000614	0.000614	0.062728	0.062728	0.001183	0.001183	-0.000621	-0.000621	-0.000505	-0.000505	-0.078620	-0.078620	0.000887	0.000207	
1	-1	-1	-1	
0.461914	0.002392	0.109375	0.001658	0.275391	-0.006711	0.279297	-0.002418	0.093750	0.011506	0.275391	0.005329	0.105469	-0.008191	0.282227	-0.001348	0.112305	0.352386	0.273438	0.125322	0.131836	-0.333857	0.095703	-0.068616	0.239258	0.000587	0.000587	0.079836	0.079836	0.002392	0.002392	-0.001008	-0.001008	-0.000544	-0.000544	0.000000	0.000000	0.002712	0.000309	
-1	1	-1	-1	
0.420898	0.001210	0.250977	0.001021	0.110352	-0.004730	0.281250	-0.001555	0.084961	0.008884	0.250977	0.002451	0.106445	-0.004707	0.258789	-0.000632	0.095703	0.357453	0.251953	0.088397	0.419922	-0.253584	0.095703	-0.104230	0.325195	0.000512	0.000512	0.041063	0.041063	0.001210	0.001210	-0.000704	-0.000704	-0.000400	-0.000400	-0.094913	-0.094913	0.001865	0.000345	
-1	1	-1	-1	
0.517578	0.001802	0.267578	0.001037	0.130859	-0.003063	0.275391	-0.001619	0.108398	0.008506	0.267578	0.002967	0.130859	-0.004202	0.275391	-0.000753	0.116211	0.284467	0.268555	0.092957	0.006836	-0.252482	0.115234	-0.077408	0.357422	0.000454	0.000454	0.052963	0.052963	0.001802	0.001802	-0.000632	-0.000632	-0.000357	-0.000357	-0.088470	-0.088470	0.001547	0.000304	
-1	1	-1	-1	
0.426758	0.001078	0.110352	0.001001	0.295898	-0.004713	0.284180	-0.001452	0.083984	0.006947	0.254883	0.002614	0.110352	-0.003973	0.262695	-0.000661	0.166016	0.359524	0.255859	0.071291	0.425781	-0.250291	0.095703	-0.083905	0.215820	0.000511	0.000511	0.039783	0.039783	0.001078	0.001078	-0.000613	-0.000613	-0.000449	-0.000449	-0.095734	-0.095734	0.001945	0.000315	
-1	1	-1	-1	
0.493164	0.001633	0.269531	0.000554	0.187500	-0.003868	0.302734	-0.001427	0.102539	0.010003	0.269531	0.001834	0.131836	-0.004173	0.276367	-0.000615	0.180664	0.355918	0.269531	0.077385	0.017578	-0.223216	0.117188	-0.052240	0.363281	0.000381	0.000381	0.038550	0.038550	0.001633	0.001633	-0.000523	-0.000523	-0.000341	-0.000341	-0.076574	-0.076574	0.001861	0.000292	
-1	1	-1	-1	
0.466797	0.002170	0.109375	0.001400	0.265625	-0.004236	0.273438	-0.002118	0.098633	0.009734	0.265625	0.003715	0.109375	-0.005317	0.273438	-0.001119	0.395508	0.318114	0.266602	0.098649	0.464844	-0.295904	0.095703	-0.121307	0.400391	0.000573	0.000573	0.056100	0.056100	0.002170	0.002170	-0.000778	-0.000778	-0.000477	-0.000477	-0.101981	-0.101981	0.001951	0.000342	
-1	1	-1	-1	
0.469727	0.001082	0.110352	0.000806	0.250977	-0.004589	0.258789	-0.001833	0.088867	0.009389	0.250977	0.002880	0.110352	-0.004597	0.262695	-0.000896	0.095703	0.345554	0.253906	0.104021	0.442383	-0.226934	0.095703	-0.081320	0.343750	0.000432	0.000432	0.039004	0.039004	0.001082	0.001082	-0.000822	-0.000822	-0.000462	-0.000462	-0.087100	-0.087100	0.001800	0.000319	
-1	1	-1	-1	
0.544922	0.001869	0.115234	0.001748	0.259766	-0.003813	0.289062	-0.001867	0.107422	0.008211	0.259766	0.003964	0.115234	-0.004385	0.266602	-0.000702	0.104492	0.321116	0.260742	0.125866	0.155273	-0.273977	0.103516	-0.087250	0.326172	0.000895	0.000895	0.081453	0.081453	0.001869	0.001869	-0.000784	-0.000784	-0.000479	-0.000479	-0.094715	-0.094715	0.001836	0.000313	
-1	1	-1	-1	
0.482422	0.001772	0.107422	0.000947	0.308594	-0.003959	0.287109	-0.002037	0.096680	0.007216	0.258789	0.003152	0.103516	-0.003945	0.268555	-0.000886	0.159180	0.327851	0.261719	0.137221	0.137695	-0.316937	0.095703	-0.079457	0.326172	0.000559	0.000559	0.080390	0.080390	0.001772	0.001772	-0.000704	-0.000704	-0.000369	-0.000369	-0.100733	-0.100733	0.002159	0.000361	
-1	1	-1	-1	
0.555664	0.001720	0.116211	0.001323	0.267578	-0.005423	0.274414	-0.002038	0.100586	0.008687	0.266602	0.003627	0.112305	-0.006176	0.278320	-0.000923	0.166992	0.336330	0.268555	0.110354	0.547852	-0.306059	0.103516	-0.070055	0.388672	0.000883	0.000883	0.076799	0.076799	0.001720	0.001720	-0.001065	-0.001065	-0.000489	-0.000489	-0.094725	-0.094725	0.002033	0.000294	
-1	1	-1	-1	
0.481445	0.001346	0.108398	0.000988	0.264648	-0.004105	0.268555	-0.001845	0.101562	0.009470	0.264648	0.003767	0.108398	-0.005051	0.272461	-0.000969	0.164062	0.325273	0.266602	0.109281	0.147461	-0.299622	0.095703	-0.078772	0.356445	0.000585	0.000585	0.073013	0.073013	0.001346	0.001346	-0.000791	-0.000791	-0.000399	-0.000399	-0.096589	-0.096589	0.002178	0.000327	
-1	1	-1	-1	
0.478516	0.001543	0.112305	0.001295	0.272461	-0.005644	0.280273	-0.002222	0.101562	0.010558	0.272461	0.004332	0.108398	-0.004715	0.279297	-0.000993	0.130859	0.371334	0.271484	0.140813	0.423828	-0.282901	0.095703	-0.119376	0.372070	0.000627	0.000627	0.022695	0.022695	0.001543	0.001543	-0.000738	-0.000738	-0.000376	-0.000376	0.000000	0.000000	0.002196	0.000341	
-1	-1	1	-1	
0.475586	0.003470	0.109375	0.001007	0.332031	-0.005912	0.313477	-0.003326	0.097656	0.007612	0.105469	0.007478	0.287109	-0.003612	0.293945	-0.003102	0.113281	0.399557	0.289062	0.187514	0.129883	-0.397253	0.095703	-0.117230	0.411133	0.000839	0.000839	0.084571	0.084571	0.003470	0.003470	-0.000807	-0.000807	-0.000585	-0.000585	-0.084148	-0.084148	0.002749	0.000400	
-1	-1	1	-1	
0.533203	0.003105	0.120117	0.001635	0.308594	-0.005461	0.312500	-0.003722	0.112305	0.012014	0.308594	0.006085	0.119141	-0.005597	0.316406	-0.003665	0.515625	0.424710	0.310547	0.234974	0.506836	-0.398594	0.109375	-0.147777	0.464844	0.000682	0.000682	0.109083	0.109083	0.003105	0.003105	-0.000763	-0.000763	-0.000514	-0.000514	-0.083226	-0.083226	0.002508	0.000377	
-1	-1	1	-1	
0.554688	0.003117	0.105469	0.001321	0.283203	-0.004762	0.290039	-0.003223	0.094727	0.008477	0.282227	0.005594	0.101562	-0.004921	0.290039	-0.001582	0.109375	0.430775	0.285156	0.189153	0.000000	-0.362473	0.095703	-0.095549	0.384766	0.000668	0.000668	0.090914	0.090914	0.003117	0.003117	-0.000749	-0.000749	-0.000427	-0.000427	-0.080558	-0.080558	0.002891	0.000359	
-1	-1	1	-1	
0.566406	0.003405	0.110352	0.001532	0.288086	-0.005740	0.294922	-0.003795	0.098633	0.013202	0.287109	0.007825	0.106445	-0.005963	0.294922	-0.002697	0.125000	0.354973	0.288086	0.193206	0.132812	-0.390994	0.095703	-0.122714	0.412109	0.000740	0.000740	0.074655	0.074655	0.003405	0.003405	-0.000799	-0.000799	-0.000429	-0.000429	-0.077741	-0.077741	0.003282	0.000368	
-1	-1	1	-1	
0.585938	0.002140	0.106445	0.000509	0.273438	-0.005855	0.281250	-0.002542	0.095703	0.010529	0.277344	0.006204	0.106445	-0.006206	0.284180	-0.001546	0.128906	0.380237	0.275391	0.100468	0.581055	-0.332343	0.095703	-0.087570	0.365234	0.001157	0.001157	0.078893	0.078893	0.002140	0.002140	-0.001004	-0.001004	-0.000613	-0.000613	-0.080520	-0.080520	0.002603	0.000303	
-1	-1	1	-1	
0.585938	0.002352	0.110352	0.001376	0.325195	-0.005459	0.288086	-0.003248	0.099609	0.008340	0.284180	0.007794	0.106445	-0.005400	0.291016	-0.001773	0.114258	0.388507	0.283203	0.164781	0.133789	-0.367295	0.095703	-0.050481	0.367188	0.001151	0.001151	0.089023	0.089023	0.002352	0.002352	-0.000865	-0.000865	-0.000557	-0.000557	-0.079766	-0.079766	0.002435	0.000309	
-1	-1	1	-1	
0.640625	0.002912	0.110352	0.001170	0.318359	-0.007037	0.291992	-0.003113	0.103516	0.011165	0.288086	0.006203	0.106445	-0.006094	0.294922	-0.001703	0.113281	0.465248	0.288086	0.151951	0.137695	-0.333886	0.095703	-0.064906	0.388672	0.001106	0.001106	0.103954	0.103954	0.002912	0.002912	-0.001299	-0.001299	-0.000706	-0.000706	-0.082758	-0.082758	0.003359	0.000306	
-1	-1	1	-1	
0.562500	0.002596	0.108398	0.002215	0.319336	-0.009454	0.308594	-0.003067	0.096680	0.008841	0.290039	0.005435	0.467773	-0.003741	0.311523	-0.001600	0.474609	0.442166	0.288086	0.132147	0.131836	-0.315692	0.095703	-0.129249	0.457031	0.000576	0.000576	0.070126	0.070126	0.002596	0.002596	-0.000722	-0.000722	-0.000420	-0.000420	-0.079676	-0.079676	0.003425	0.000395	
-1	-1	1	-1	
0.562500	0.003323	0.108398	0.001838	0.293945	-0.006143	0.301758	-0.003633	0.100586	0.010115	0.293945	0.006460	0.108398	-0.004986	0.300781	-0.002447	0.123047	0.437621	0.295898	0.210840	0.129883	-0.375803	0.095703	-0.099074	0.472656	0.000727	0.000727	0.058464	0.058464	0.003323	0.003323	-0.000747	-0.000747	-0.000502	-0.000502	-0.080560	-0.080560	0.002803	0.000346	
-1	-1	1	-1	
0.591797	0.004861	0.075195	0.001331	0.301758	-0.007756	0.279297	-0.005009	0.064453	0.012421	0.271484	0.007290	0.072266	-0.007425	0.279297	-0.003265	0.079102	0.396743	0.271484	0.283911	0.083984	-0.386179	0.065430	-0.107900	0.431641	0.001244	0.001244	0.171622	0.171622	0.004861	0.004861	-0.001498	-0.001498	-0.000826	-0.000826	0.000000	0.000000	0.004306	0.000427	
-1	-1	-1	1	
0.597656	0.003221	0.124023	0.001565	0.338867	-0.008868	0.331055	-0.005066	0.112305	0.012020	0.120117	0.010254	0.328125	-0.006519	0.334961	-0.003907	0.127930	0.485569	0.327148	0.270023	0.128906	-0.419960	0.111328	-0.057862	0.431641	0.000846	0.000846	0.068989	0.068989	0.003221	0.003221	-0.000953	-0.000953	-0.000498	-0.000498	-0.064425	-0.064425	0.004221	0.000358	
-1	-1	-1	1	
0.596680	0.003052	0.105469	0.001943	0.312500	-0.007567	0.316406	-0.005610	0.097656	0.013061	0.312500	0.010949	0.105469	-0.007043	0.319336	-0.004483	0.120117	0.484645	0.313477	0.257491	0.114258	-0.401512	0.095703	-0.182927	0.438477	0.000683	0.000683	0.050219	0.050219	0.003052	0.003052	-0.000853	-0.000853	-0.000641	-0.000641	-0.094399	-0.094399	0.004222	0.000427	
-1	-1	-1	1	
0.587891	0.003886	0.105469	0.002458	0.342773	-0.008578	0.328125	-0.005116	0.098633	0.013664	0.305664	0.011897	0.102539	-0.005364	0.313477	-0.004740	0.472656	0.433608	0.307617	0.270858	0.465820	-0.457109	0.105469	-0.178785	0.459961	0.000818	0.000818	0.052107	0.052107	0.003886	0.003886	-0.000736	-0.000736	-0.000580	-0.000580	-0.132540	-0.132540	0.003967	0.000382	
-1	-1	-1	1	
0.580078	0.004217	0.107422	0.002118	0.340820	-0.011006	0.318359	-0.004980	0.099609	0.011623	0.310547	0.009051	0.103516	-0.005849	0.317383	-0.004465	0.111328	0.477760	0.311523	0.326260	0.114258	-0.424579	0.095703	-0.184149	0.431641	0.000796	0.000796	0.089315	0.089315	0.004217	0.004217	-0.000719	-0.000719	-0.000638	-0.000638	-0.081318	-0.081318	0.004044	0.000440	
-1	-1	-1	1	
0.637695	0.002141	0.312500	0.001680	0.453125	-0.006763	0.334961	-0.003578	0.112305	0.010179	0.312500	0.007528	0.119141	-0.005793	0.323242	-0.003096	0.464844	0.446865	0.315430	0.217686	0.145508	-0.374665	0.109375	-0.195777	0.435547	0.000851	0.000851	0.075051	0.075051	0.002141	0.002141	-0.000866	-0.000866	-0.000546	-0.000546	-0.091907	-0.091907	0.003154	0.000421	
-1	-1	-1	1	
0.623047	0.003262	0.108398	0.001911	0.301758	-0.008041	0.308594	-0.004978	0.097656	0.010674	0.301758	0.010111	0.104492	-0.005876	0.312500	-0.003186	0.123047	0.462780	0.301758	0.231171	0.115234	-0.400891	0.095703	-0.088548	0.145508	0.000952	0.000952	0.113310	0.113310	0.003262	0.003262	-0.001109	-0.001109	-0.000722	-0.000722	-0.069961	-0.069961	0.003893	0.000341	
-1	-1	-1	1	
0.644531	0.003676	0.107422	0.001870	0.303711	-0.010499	0.326172	-0.004700	0.099609	0.011948	0.307617	0.008261	0.103516	-0.005571	0.314453	-0.003134	0.122070	0.454733	0.307617	0.201622	0.113281	-0.392562	0.095703	-0.092005	0.311523	0.001141	0.001141	0.065238	0.065238	0.003676	0.003676	-0.000820	-0.000820	-0.000753	-0.000753	-0.096475	-0.096475	0.003634	0.000368	
-1	-1	-1	1	
0.592773	0.003922	0.108398	0.002490	0.295898	-0.010716	0.315430	-0.004585	0.100586	0.012832	0.295898	0.006396	0.107422	-0.004995	0.303711	-0.002466	0.559570	0.465969	0.295898	0.202531	0.116211	-0.352388	0.096680	-0.087833	0.465820	0.000620	0.000620	0.062680	0.062680	0.003922	0.003922	-0.000771	-0.000771	-0.000534	-0.000534	-0.059252	-0.059252	0.004197	0.000402	
-1	-1	-1	1	
0.592773	0.002885	0.336914	0.002366	0.125977	-0.008531	0.326172	-0.003319	0.118164	0.013138	0.311523	0.006915	0.122070	-0.005084	0.329102	-0.002096	0.140625	0.431011	0.311523	0.134314	0.144531	-0.341615	0.125000	-0.081902	0.075195	0.000636	0.000636	0.040172	0.040172	0.002885	0.002885	-0.000682	-0.000682	-0.000444	-0.000444	-0.106010	-0.106010	0.003512	0.000311	
-1	-1	-1	1	
