82	39	4
0.548828	0.001849	0.462891	0.001015	0.164062	-0.003636	0.452148	-0.002087	0.152344	0.002220	0.407227	0.002149	0.108398	-0.001039	0.281250	-0.000662	0.547852	0.246074	0.456055	0.206571	0.163086	-0.456158	0.385742	-0.445355	0.086914	0.000721	0.000721	0.094029	0.094029	0.001849	0.001849	-0.000477	-0.000477	-0.000309	-0.000309	0.000000	0.000000	0.001185	0.000398	
1	-1	-1	-1	
0.328125	0.001592	0.207031	0.000845	0.088867	-0.003223	0.196289	-0.000956	0.262695	0.002292	0.155273	0.001348	0.209961	-0.001067	0.028320	-0.001016	0.322266	0.249934	0.199219	0.143822	0.029297	-0.476543	0.130859	-0.184957	0.081055	0.000925	0.000925	0.101649	0.101649	0.001592	0.001592	-0.000356	-0.000356	-0.000436	-0.000436	-0.310198	-0.310198	0.001259	0.000376	
1	-1	-1	-1	
0.290039	0.001650	0.168945	0.000760	0.049805	-0.004881	0.157227	-0.000966	0.227539	0.002393	0.112305	0.002167	0.171875	-0.001030	0.283203	-0.000980	0.000000	0.276607	0.161133	0.130993	0.000977	-0.502143	0.095703	-0.233833	0.045898	0.001393	0.001393	0.079132	0.079132	0.001650	0.001650	-0.000460	-0.000460	-0.000296	-0.000296	-0.324426	-0.324426	0.001530	0.000398	
1	-1	-1	-1	
0.262695	0.001460	0.174805	0.000821	0.052734	-0.003896	0.164062	-0.000833	0.231445	0.002275	0.119141	0.001825	0.178711	-0.001011	0.000000	-0.000552	0.252930	0.254151	0.166992	0.125419	0.000000	-0.462849	0.095703	-0.177089	0.045898	0.000745	0.000745	0.078521	0.078521	0.001460	0.001460	-0.000199	-0.000199	-0.000354	-0.000354	-0.322794	-0.322794	0.001369	0.000391	
1	-1	-1	-1	
0.291992	0.001443	0.208984	0.000943	0.086914	-0.002877	0.194336	-0.000993	0.256836	0.002315	0.149414	0.001474	0.208984	-0.000959	0.027344	-0.000643	0.279297	0.248354	0.207031	0.139412	0.031250	-0.475664	0.126953	-0.185553	0.077148	0.000488	0.000488	0.098865	0.098865	0.001443	0.001443	-0.000357	-0.000357	-0.000423	-0.000423	-0.338519	-0.338519	0.001267	0.000385	
1	-1	-1	-1	
0.322266	0.001767	0.206055	0.000932	0.080078	-0.003404	0.195312	-0.000928	0.257812	0.002444	0.150391	0.001951	0.206055	-0.000974	0.309570	-0.000961	0.032227	0.251856	0.197266	0.145000	0.319336	-0.494618	0.129883	-0.186104	0.079102	0.001322	0.001322	0.099158	0.099158	0.001767	0.001767	-0.000315	-0.000315	-0.000394	-0.000394	-0.342412	-0.342412	0.001542	0.000396	
1	-1	-1	-1	
0.244141	0.001549	0.173828	0.000978	0.050781	-0.004384	0.162109	-0.001021	0.225586	0.002395	0.114258	0.001795	0.176758	-0.000812	0.000000	-0.000560	0.240234	0.263717	0.165039	0.143957	0.000000	-0.509877	0.095703	-0.187192	0.044922	0.000945	0.000945	0.091792	0.091792	0.001549	0.001549	-0.000366	-0.000366	-0.000336	-0.000336	-0.363688	-0.363688	0.001379	0.000417	
1	-1	-1	-1	
0.297852	0.001768	0.214844	0.000957	0.096680	-0.004219	0.203125	-0.001135	0.266602	0.002432	0.159180	0.002391	0.218750	-0.001001	0.040039	-0.000666	0.289062	0.264015	0.207031	0.153329	0.046875	-0.500861	0.137695	-0.171367	0.086914	0.000463	0.000463	0.111417	0.111417	0.001768	0.001768	-0.000431	-0.000431	-0.000425	-0.000425	-0.311704	-0.311704	0.001347	0.000408	
1	-1	-1	-1	
0.327148	0.001881	0.209961	0.000994	0.087891	-0.003664	0.198242	-0.001216	0.261719	0.002491	0.191406	0.000679	0.138672	-0.000981	0.325195	-0.000945	0.020508	0.251305	0.201172	0.168424	0.326172	-0.491891	0.133789	-0.205148	0.083008	0.001065	0.001065	0.115646	0.115646	0.001881	0.001881	-0.000319	-0.000319	-0.000397	-0.000397	-0.340764	-0.340764	0.001383	0.000363	
1	-1	-1	-1	
0.292969	0.001535	0.171875	0.001013	0.049805	-0.003549	0.161133	-0.000929	0.223633	0.002556	0.116211	0.001885	0.175781	-0.000981	0.000000	-0.000971	0.287109	0.260544	0.166016	0.168424	0.000000	-0.503826	0.095703	-0.209260	0.045898	0.001313	0.001313	0.090227	0.090227	0.001535	0.001535	-0.000354	-0.000354	-0.000321	-0.000321	-0.336295	-0.336295	0.001363	0.000399	
1	-1	-1	-1	
0.287109	0.001802	0.167969	0.000947	0.049805	-0.003828	0.153320	-0.000993	0.219727	0.002358	0.134766	0.000583	0.211914	-0.000937	0.286133	-0.000918	0.000000	0.286651	0.159180	0.173938	0.286133	-0.515270	0.095703	-0.219303	0.045898	0.001460	0.001460	0.091729	0.091729	0.001802	0.001802	-0.000421	-0.000421	-0.000295	-0.000295	-0.331595	-0.331595	0.001524	0.000429	
1	-1	-1	-1	
0.264648	0.001585	0.176758	0.001017	0.050781	-0.004027	0.166016	-0.000984	0.228516	0.002377	0.117188	0.001552	0.176758	-0.000937	0.000000	-0.000596	0.250977	0.257683	0.168945	0.173938	0.000000	-0.509965	0.095703	-0.179234	0.044922	0.001232	0.001232	0.115078	0.115078	0.001585	0.001585	-0.000375	-0.000375	-0.000292	-0.000292	-0.358003	-0.358003	0.001479	0.000427	
1	-1	-1	-1	
0.297852	0.001923	0.202148	0.001315	0.083984	-0.003530	0.187500	-0.001037	0.253906	0.002622	0.150391	0.001250	0.202148	-0.000929	0.016602	-0.000614	0.272461	0.284311	0.193359	0.178289	0.029297	-0.502947	0.126953	-0.200498	0.077148	0.000674	0.000674	0.129472	0.129472	0.001923	0.001923	-0.000474	-0.000474	-0.000403	-0.000403	-0.379523	-0.379523	0.001531	0.000422	
1	-1	-1	-1	
0.282227	0.001451	0.192383	0.001147	0.071289	-0.005406	0.181641	-0.000883	0.245117	0.002587	0.133789	0.002481	0.192383	-0.000893	0.018555	-0.000578	0.266602	0.285473	0.191406	0.164431	0.021484	-0.524211	0.113281	-0.176686	0.063477	0.001156	0.001156	0.127449	0.127449	0.001451	0.001451	-0.000437	-0.000437	-0.000434	-0.000434	-0.379207	-0.379207	0.001651	0.000432	
1	-1	-1	-1	
0.317383	0.001408	0.204102	0.001104	0.081055	-0.004122	0.188477	-0.001004	0.251953	0.002399	0.148438	0.001279	0.203125	-0.000941	0.314453	-0.000921	0.025391	0.257504	0.193359	0.175816	0.315430	-0.491503	0.126953	-0.209543	0.077148	0.001062	0.001062	0.114782	0.114782	0.001408	0.001408	-0.000369	-0.000369	-0.000395	-0.000395	-0.349896	-0.349896	0.001465	0.000407	
1	-1	-1	-1	
0.295898	0.001620	0.175781	0.001165	0.057617	-0.004030	0.165039	-0.000946	0.227539	0.002491	0.120117	0.001792	0.179688	-0.000955	0.000977	-0.000900	0.279297	0.263017	0.169922	0.180599	0.291992	-0.492218	0.095703	-0.127184	0.045898	0.001165	0.001165	0.122616	0.122616	0.001620	0.001620	-0.000375	-0.000375	-0.000341	-0.000341	-0.318613	-0.318613	0.001347	0.000446	
1	-1	-1	-1	
0.284180	0.001601	0.169922	0.001042	0.049805	-0.004458	0.154297	-0.001118	0.217773	0.002254	0.112305	0.001499	0.169922	-0.000914	0.269531	-0.000833	0.000000	0.271168	0.161133	0.178453	0.000000	-0.508595	0.095703	-0.218007	0.045898	0.001336	0.001336	0.106858	0.106858	0.001601	0.001601	-0.000446	-0.000446	-0.000309	-0.000309	-0.339245	-0.339245	0.001502	0.000420	
1	-1	-1	-1	
0.435547	0.002706	0.338867	0.002212	0.058594	-0.004761	0.328125	-0.003565	0.051758	0.003774	0.287109	0.003373	0.006836	-0.001095	0.118164	-0.001003	0.167969	0.301682	0.332031	0.276648	0.053711	-0.585607	0.260742	-0.501565	0.000000	0.001243	0.001243	0.142366	0.142366	0.002706	0.002706	-0.000858	-0.000858	-0.000697	-0.000697	-0.169397	-0.169397	0.002117	0.000581	
-1	1	-1	-1	
0.267578	0.002458	0.183594	0.001700	0.061523	-0.005373	0.171875	-0.001342	0.221680	0.003163	0.131836	0.002064	0.183594	-0.000911	0.006836	-0.000809	0.239258	0.305065	0.174805	0.214495	0.003906	-0.580988	0.095703	-0.178970	0.145508	0.001321	0.001321	0.158206	0.158206	0.002458	0.002458	-0.000509	-0.000509	-0.000508	-0.000508	-0.452337	-0.452337	0.002150	0.000584	
-1	1	-1	-1	
0.285156	0.002313	0.198242	0.001786	0.075195	-0.005514	0.186523	-0.001717	0.238281	0.003065	0.141602	0.002642	0.197266	-0.001044	0.256836	-0.000955	0.015625	0.298344	0.197266	0.189417	0.023438	-0.566385	0.111328	-0.150896	0.257812	0.000983	0.000983	0.142653	0.142653	0.002313	0.002313	-0.000488	-0.000488	-0.000524	-0.000524	-0.442969	-0.442969	0.002046	0.000577	
-1	1	-1	-1	
0.260742	0.002250	0.190430	0.001671	0.075195	-0.004424	0.182617	-0.001331	0.234375	0.003478	0.138672	0.001898	0.194336	-0.000937	0.012695	-0.000928	0.252930	0.307076	0.186523	0.224494	0.011719	-0.582284	0.095703	-0.392444	0.145508	0.000527	0.000527	0.160882	0.160882	0.002250	0.002250	-0.000511	-0.000511	-0.000540	-0.000540	-0.452053	-0.452053	0.002037	0.000598	
-1	1	-1	-1	
0.293945	0.001977	0.214844	0.001719	0.092773	-0.006143	0.208008	-0.001371	0.257812	0.003167	0.163086	0.001968	0.218750	-0.001018	0.273438	-0.000895	0.037109	0.312515	0.209961	0.187614	0.039062	-0.566519	0.123047	-0.286601	0.172852	0.000288	0.000288	0.131332	0.131332	0.001977	0.001977	-0.000475	-0.000475	-0.000499	-0.000499	-0.420117	-0.420117	0.001982	0.000550	
-1	1	-1	-1	
0.302734	0.002115	0.205078	0.001759	0.083984	-0.005051	0.198242	-0.001530	0.248047	0.003344	0.150391	0.002450	0.208984	-0.001021	0.264648	-0.000912	0.028320	0.304543	0.198242	0.220694	0.025391	-0.572718	0.115234	-0.197641	0.165039	0.000943	0.000943	0.161627	0.161627	0.002115	0.002115	-0.000466	-0.000466	-0.000543	-0.000543	-0.451987	-0.451987	0.002039	0.000581	
-1	1	-1	-1	
0.295898	0.002266	0.183594	0.001780	0.054688	-0.006042	0.172852	-0.001596	0.224609	0.003464	0.131836	0.001894	0.183594	-0.001061	0.239258	-0.000949	0.289062	0.306734	0.175781	0.234269	0.283203	-0.574566	0.095703	-0.166691	0.145508	0.001856	0.001856	0.153355	0.153355	0.002266	0.002266	-0.000523	-0.000523	-0.000471	-0.000471	-0.424410	-0.424410	0.002060	0.000557	
-1	1	-1	-1	
0.234375	0.002603	0.169922	0.001794	0.050781	-0.004518	0.155273	-0.001661	0.214844	0.003465	0.114258	0.001851	0.169922	-0.001152	0.225586	-0.000771	0.021484	0.329816	0.160156	0.205033	0.000000	-0.585607	0.073242	-0.363267	0.123047	0.001058	0.001058	0.130050	0.130050	0.002603	0.002603	-0.000465	-0.000465	-0.000499	-0.000499	-0.470350	-0.470350	0.001968	0.000565	
-1	1	-1	-1	
0.327148	0.002489	0.208984	0.001773	0.094727	-0.005469	0.202148	-0.001616	0.253906	0.003369	0.161133	0.001897	0.212891	-0.001153	0.317383	-0.000919	0.265625	0.329801	0.205078	0.237071	0.037109	-0.585607	0.119141	-0.352583	0.168945	0.000860	0.000860	0.163205	0.163205	0.002489	0.002489	-0.000642	-0.000642	-0.000562	-0.000562	-0.440333	-0.440333	0.002231	0.000638	
-1	1	-1	-1	
0.280273	0.001982	0.165039	0.001947	0.045898	-0.006606	0.157227	-0.001394	0.207031	0.003809	0.112305	0.002014	0.164062	-0.001022	0.264648	-0.000898	0.000000	0.340589	0.162109	0.226539	0.265625	-0.585607	0.066406	-0.444225	0.116211	0.001774	0.001774	0.129637	0.129637	0.001982	0.001982	-0.000509	-0.000509	-0.000492	-0.000492	-0.432536	-0.432536	0.002287	0.000605	
-1	1	-1	-1	
0.273438	0.002122	0.168945	0.001984	0.042969	-0.005402	0.154297	-0.001552	0.206055	0.003787	0.110352	0.001763	0.160156	-0.000970	0.220703	-0.000833	0.270508	0.364107	0.157227	0.222352	0.267578	-0.590521	0.063477	-0.444952	0.113281	0.001941	0.001941	0.127345	0.127345	0.002122	0.002122	-0.000499	-0.000499	-0.000448	-0.000448	-0.424248	-0.424248	0.002086	0.000556	
-1	1	-1	-1	
0.236328	0.002641	0.172852	0.001924	0.054688	-0.005860	0.162109	-0.001587	0.213867	0.003538	0.121094	0.001773	0.172852	-0.000820	0.228516	-0.000806	0.000000	0.332501	0.165039	0.219610	0.000000	-0.590521	0.075195	-0.439692	0.125000	0.000824	0.000824	0.147972	0.147972	0.002641	0.002641	-0.000472	-0.000472	-0.000468	-0.000468	-0.473199	-0.473199	0.002117	0.000596	
-1	1	-1	-1	
0.297852	0.002651	0.222656	0.001978	0.096680	-0.004335	0.211914	-0.001493	0.261719	0.003678	0.163086	0.002429	0.222656	-0.000948	0.277344	-0.000915	0.022461	0.338581	0.211914	0.248324	0.039062	-0.590521	0.113281	-0.464949	0.163086	0.000410	0.000410	0.166905	0.166905	0.002651	0.002651	-0.000606	-0.000606	-0.000528	-0.000528	-0.439983	-0.439983	0.002112	0.000618	
-1	1	-1	-1	
0.291016	0.002297	0.202148	0.001911	0.083984	-0.005938	0.191406	-0.001563	0.241211	0.003326	0.150391	0.001456	0.202148	-0.000988	0.257812	-0.000842	0.020508	0.322592	0.193359	0.224617	0.022461	-0.586975	0.121094	-0.178609	0.071289	0.000686	0.000686	0.157581	0.157581	0.002297	0.002297	-0.000526	-0.000526	-0.000514	-0.000514	-0.464293	-0.464293	0.002088	0.000585	
-1	1	-1	-1	
0.263672	0.002171	0.195312	0.001747	0.074219	-0.006896	0.184570	-0.001331	0.234375	0.003267	0.139648	0.002147	0.195312	-0.001103	0.247070	-0.000935	0.010742	0.312206	0.185547	0.210371	0.009766	-0.576157	0.095703	-0.352520	0.145508	0.000567	0.000567	0.147191	0.147191	0.002171	0.002171	-0.000411	-0.000411	-0.000468	-0.000468	-0.453399	-0.453399	0.002347	0.000581	
-1	1	-1	-1	
0.313477	0.002182	0.212891	0.001892	0.094727	-0.005737	0.202148	-0.001548	0.253906	0.003493	0.157227	0.001403	0.207031	-0.001143	0.268555	-0.000947	0.031250	0.350293	0.205078	0.221294	0.312500	-0.590521	0.126953	-0.164006	0.270508	0.000758	0.000758	0.155288	0.155288	0.002182	0.002182	-0.000416	-0.000416	-0.000494	-0.000494	-0.470521	-0.470521	0.002135	0.000560	
-1	1	-1	-1	
0.291016	0.002486	0.176758	0.002026	0.062500	-0.005217	0.166016	-0.001680	0.217773	0.003746	0.125000	0.001667	0.180664	-0.001054	0.232422	-0.000800	0.282227	0.306677	0.168945	0.255790	0.278320	-0.590521	0.079102	-0.415686	0.128906	0.001958	0.001958	0.157799	0.157799	0.002486	0.002486	-0.000531	-0.000531	-0.000464	-0.000464	-0.431810	-0.431810	0.002083	0.000637	
-1	1	-1	-1	
0.230469	0.002888	0.160156	0.002151	0.044922	-0.004931	0.153320	-0.001802	0.203125	0.004220	0.112305	0.002108	0.164062	-0.001105	0.215820	-0.000679	0.015625	0.339877	0.153320	0.224930	0.000000	-0.590521	0.061523	-0.476900	0.111328	0.001859	0.001859	0.155680	0.155680	0.002888	0.002888	-0.000553	-0.000553	-0.000473	-0.000473	-0.480092	-0.480092	0.002231	0.000632	
-1	1	-1	-1	
0.319336	0.002024	0.088867	0.002006	0.214844	-0.006224	0.204102	-0.001478	0.253906	0.003277	0.210938	0.003099	0.155273	-0.001052	0.315430	-0.001043	0.033203	0.383404	0.210938	0.247654	0.317383	-0.590521	0.105469	-0.473205	0.155273	0.001171	0.001171	0.171040	0.171040	0.002024	0.002024	-0.000530	-0.000530	-0.000546	-0.000546	-0.482400	-0.482400	0.002274	0.000597	
-1	1	-1	-1	
0.319336	0.002968	0.184570	0.001910	0.051758	-0.005970	0.173828	-0.001332	0.225586	0.003296	0.122070	0.003075	0.184570	-0.001047	0.000000	-0.000886	0.240234	0.342023	0.173828	0.245180	0.000000	-0.590521	0.074219	-0.474278	0.124023	0.001772	0.001772	0.139173	0.139173	0.002968	0.002968	-0.000449	-0.000449	-0.000493	-0.000493	-0.428445	-0.428445	0.002362	0.000515	
-1	1	-1	-1	
0.411133	0.005998	0.043945	0.003751	0.301758	-0.009606	0.036133	-0.005130	0.297852	0.006506	0.002930	0.005746	0.253906	-0.001205	0.195312	-0.001177	0.375977	0.340468	0.036133	0.340066	0.296875	-0.635379	0.000000	-0.635379	0.199219	0.002296	0.002296	0.160079	0.160079	0.005998	0.005998	0.000000	0.000000	-0.000783	-0.000783	-0.310822	-0.310822	0.003945	0.001006	
-1	-1	1	-1	
0.246094	0.003710	0.040039	0.003382	0.143555	-0.005024	0.135742	-0.002056	0.187500	0.006103	0.101562	0.002292	0.198242	-0.001689	0.191406	-0.001391	0.042969	0.340468	0.230469	0.339753	0.135742	-0.635379	0.043945	-0.635379	0.093750	0.003465	0.003465	0.150084	0.150084	0.003710	0.003710	-0.000494	-0.000494	-0.000708	-0.000708	-0.492861	-0.492861	0.003134	0.000904	
-1	-1	1	-1	
0.238281	0.004000	0.141602	0.003609	0.041016	-0.004998	0.133789	-0.002605	0.185547	0.006815	0.100586	0.002526	0.201172	-0.001790	0.193359	-0.001605	0.137695	0.339827	0.131836	0.338427	0.228516	-0.635379	0.045898	-0.635379	0.095703	0.003261	0.003261	0.164045	0.164045	0.004000	0.004000	-0.000683	-0.000683	-0.000867	-0.000867	-0.511117	-0.511117	0.002950	0.000919	
-1	-1	1	-1	
0.235352	0.004624	0.136719	0.003719	0.037109	-0.006290	0.133789	-0.002410	0.185547	0.006573	0.099609	0.002657	0.195312	-0.001511	0.184570	-0.001494	0.043945	0.340453	0.131836	0.329948	0.225586	-0.635379	0.045898	-0.635379	0.095703	0.003523	0.003523	0.181222	0.181222	0.004624	0.004624	-0.000805	-0.000805	-0.000960	-0.000960	-0.506206	-0.506206	0.003237	0.000963	
-1	-1	1	-1	
0.238281	0.004427	0.138672	0.003661	0.039062	-0.007696	0.130859	-0.002714	0.182617	0.006363	0.101562	0.002646	0.197266	-0.001826	0.186523	-0.001469	0.041992	0.340453	0.131836	0.300607	0.225586	-0.635379	0.045898	-0.635379	0.095703	0.003692	0.003692	0.176875	0.176875	0.004427	0.004427	-0.000699	-0.000699	-0.000925	-0.000925	-0.515993	-0.515993	0.003328	0.001000	
-1	-1	1	-1	
0.236328	0.004855	0.137695	0.003562	0.037109	-0.009134	0.129883	-0.002332	0.185547	0.006487	0.099609	0.002559	0.196289	-0.001836	0.185547	-0.001419	0.007812	0.340468	0.129883	0.329560	0.223633	-0.635379	0.043945	-0.635379	0.093750	0.003603	0.003603	0.166370	0.166370	0.004855	0.004855	-0.000730	-0.000730	-0.000941	-0.000941	-0.506592	-0.506592	0.003699	0.001027	
-1	-1	1	-1	
0.242188	0.003926	0.141602	0.003706	0.041992	-0.005590	0.134766	-0.002010	0.190430	0.006371	0.100586	0.002267	0.201172	-0.001597	0.193359	-0.001423	0.044922	0.340468	0.137695	0.274039	0.227539	-0.635379	0.044922	-0.635379	0.094727	0.003503	0.003503	0.163188	0.163188	0.003926	0.003926	-0.000573	-0.000573	-0.000877	-0.000877	-0.517047	-0.517047	0.003368	0.001041	
-1	-1	1	-1	
0.239258	0.003768	0.144531	0.003261	0.041016	-0.005861	0.136719	-0.002426	0.186523	0.006146	0.103516	0.002417	0.200195	-0.001719	0.192383	-0.001256	0.033203	0.340468	0.135742	0.301129	0.225586	-0.635379	0.047852	-0.634843	0.097656	0.003295	0.003295	0.157367	0.157367	0.003768	0.003768	-0.000727	-0.000727	-0.000923	-0.000923	-0.518588	-0.518588	0.003257	0.001044	
-1	-1	1	-1	
0.248047	0.004642	0.142578	0.003412	0.039062	-0.007114	0.134766	-0.001875	0.001953	0.006058	0.101562	0.002225	0.202148	-0.001344	0.012695	-0.001192	0.194336	0.340468	0.137695	0.307983	0.234375	-0.635379	0.045898	-0.635379	0.095703	0.003600	0.003600	0.166899	0.166899	0.004642	0.004642	-0.000805	-0.000805	-0.000832	-0.000832	-0.499775	-0.499775	0.003665	0.001056	
-1	-1	1	-1	
0.247070	0.003790	0.150391	0.003534	0.042969	-0.009625	0.142578	-0.002171	0.192383	0.007465	0.142578	0.002340	0.090820	-0.001473	0.195312	-0.001229	0.005859	0.338933	0.142578	0.262565	0.228516	-0.635379	0.046875	-0.635379	0.096680	0.003271	0.003271	0.149986	0.149986	0.003790	0.003790	-0.000562	-0.000562	-0.000778	-0.000778	-0.504062	-0.504062	0.004002	0.000963	
-1	-1	1	-1	
0.248047	0.003626	0.140625	0.003173	0.033203	-0.007640	0.132812	-0.002037	0.188477	0.005897	0.103516	0.002127	0.204102	-0.001512	0.188477	-0.001309	0.014648	0.340468	0.137695	0.295407	0.233398	-0.635379	0.046875	-0.635379	0.096680	0.003256	0.003256	0.160051	0.160051	0.003626	0.003626	-0.000629	-0.000629	-0.000821	-0.000821	-0.494623	-0.494623	0.003477	0.001000	
-1	-1	1	-1	
0.249023	0.003594	0.144531	0.003459	0.041016	-0.008352	0.137695	-0.001505	0.233398	0.005989	0.103516	0.001756	0.203125	-0.001281	0.195312	-0.001145	0.043945	0.339112	0.139648	0.268451	0.233398	-0.635379	0.047852	-0.635290	0.097656	0.003225	0.003225	0.150827	0.150827	0.003594	0.003594	-0.000699	-0.000699	-0.000740	-0.000740	-0.500689	-0.500689	0.003569	0.000957	
-1	-1	1	-1	
0.253906	0.004013	0.151367	0.003285	0.043945	-0.006596	0.143555	-0.002029	0.240234	0.005554	0.106445	0.001853	0.209961	-0.001185	0.202148	-0.001130	0.006836	0.339112	0.145508	0.281400	0.241211	-0.636735	0.047852	-0.636110	0.097656	0.002771	0.002771	0.150712	0.150712	0.004013	0.004013	-0.000762	-0.000762	-0.000740	-0.000740	-0.498860	-0.498860	0.003448	0.000965	
-1	-1	1	-1	
0.253906	0.003910	0.152344	0.003492	0.041016	-0.007926	0.145508	-0.001710	0.000977	0.005818	0.104492	0.002044	0.211914	-0.001258	0.201172	-0.001197	0.011719	0.339112	0.147461	0.325760	0.240234	-0.636735	0.047852	-0.635513	0.097656	0.002803	0.002803	0.157277	0.157277	0.003910	0.003910	-0.000884	-0.000884	-0.000737	-0.000737	-0.501198	-0.501198	0.003836	0.000977	
-1	-1	1	-1	
0.245117	0.003932	0.150391	0.003523	0.042969	-0.004952	0.142578	-0.002409	0.198242	0.006994	0.106445	0.002013	0.156250	-0.001668	0.198242	-0.001165	0.036133	0.338888	0.141602	0.322840	0.233398	-0.636735	0.049805	-0.617304	0.099609	0.003374	0.003374	0.161977	0.161977	0.003932	0.003932	-0.000678	-0.000678	-0.000701	-0.000701	-0.511580	-0.511580	0.003020	0.000913	
-1	-1	1	-1	
0.248047	0.003622	0.138672	0.003546	0.039062	-0.007713	0.131836	-0.002010	0.228516	0.006825	0.102539	0.002326	0.202148	-0.001502	0.042969	-0.001279	0.194336	0.339112	0.134766	0.302276	0.235352	-0.636735	0.046875	-0.636735	0.096680	0.003689	0.003689	0.159650	0.159650	0.003622	0.003622	-0.000681	-0.000681	-0.000808	-0.000808	-0.490239	-0.490239	0.003262	0.000960	
-1	-1	1	-1	
0.242188	0.004626	0.143555	0.003512	0.032227	-0.011128	0.136719	-0.002220	0.225586	0.007585	0.135742	0.002065	0.199219	-0.001280	0.042969	-0.000967	0.188477	0.335774	0.137695	0.314242	0.231445	-0.636735	0.042969	-0.636735	0.092773	0.003528	0.003528	0.140914	0.140914	0.004626	0.004626	-0.000635	-0.000635	-0.000835	-0.000835	-0.511085	-0.511085	0.003847	0.000921	
-1	-1	1	-1	
0.255859	0.004367	0.149414	0.003427	0.041992	-0.009260	0.142578	-0.001746	0.198242	0.006005	0.105469	0.002075	0.212891	-0.001420	0.031250	-0.001170	0.223633	0.339112	0.145508	0.297657	0.237305	-0.636735	0.047852	-0.636393	0.097656	0.003312	0.003312	0.164518	0.164518	0.004367	0.004367	-0.000626	-0.000626	-0.000859	-0.000859	-0.493347	-0.493347	0.003896	0.000982	
-1	-1	1	-1	
0.249023	0.003865	0.142578	0.003170	0.041992	-0.007864	0.134766	-0.002127	0.186523	0.005622	0.100586	0.002322	0.200195	-0.001727	0.193359	-0.001332	0.041992	0.338710	0.137695	0.286436	0.231445	-0.636735	0.047852	-0.633576	0.097656	0.003255	0.003255	0.139287	0.139287	0.003865	0.003865	-0.000524	-0.000524	-0.000755	-0.000755	-0.493570	-0.493570	0.003373	0.000903	
-1	-1	1	-1	
0.252930	0.003444	0.147461	0.003147	0.040039	-0.006748	0.140625	-0.001889	0.237305	0.005915	0.103516	0.002241	0.207031	-0.001289	0.192383	-0.001255	0.011719	0.339112	0.143555	0.339112	0.235352	-0.636735	0.045898	-0.636735	0.095703	0.003048	0.003048	0.130888	0.130888	0.003444	0.003444	-0.000540	-0.000540	-0.000707	-0.000707	-0.502638	-0.502638	0.003057	0.000914	
-1	-1	1	-1	
0.248047	0.003592	0.150391	0.003205	0.039062	-0.006466	0.139648	-0.001829	0.239258	0.006063	0.105469	0.001797	0.209961	-0.001339	0.032227	-0.001295	0.195312	0.339112	0.142578	0.315449	0.238281	-0.636735	0.045898	-0.636735	0.095703	0.003151	0.003151	0.151940	0.151940	0.003592	0.003592	-0.000542	-0.000542	-0.000741	-0.000741	-0.512210	-0.512210	0.003091	0.000949	
-1	-1	1	-1	
0.248047	0.003709	0.154297	0.003590	0.042969	-0.007719	0.146484	-0.002069	0.239258	0.006553	0.146484	0.002201	0.209961	-0.001171	0.203125	-0.001141	0.013672	0.339052	0.146484	0.303424	0.242188	-0.636735	0.049805	-0.626722	0.099609	0.003250	0.003250	0.179354	0.179354	0.003709	0.003709	-0.001127	-0.001127	-0.000707	-0.000707	-0.510723	-0.510723	0.003124	0.000893	
-1	-1	1	-1	
0.375977	0.008428	0.324219	0.007420	0.134766	-0.009141	0.131836	-0.009024	0.316406	0.014006	0.316406	0.010402	0.127930	-0.005126	0.134766	-0.003839	0.320312	0.376786	0.000000	0.376786	0.185547	-0.599062	0.057617	-0.599062	0.246094	0.003057	0.003057	0.235067	0.235067	0.008428	0.008428	-0.002664	-0.002664	-0.002099	-0.002099	0.000000	0.000000	0.005359	0.001741	
-1	-1	-1	1	
0.377930	0.008699	0.129883	0.005850	0.318359	-0.009370	0.314453	-0.006177	0.125977	0.013028	0.122070	0.009496	0.310547	-0.005323	0.318359	-0.004340	0.129883	0.376964	0.365234	0.376786	0.000000	-0.599062	0.057617	-0.599062	0.242188	0.003515	0.003515	0.273673	0.273673	0.008699	0.008699	-0.002620	-0.002620	-0.001850	-0.001850	-0.406823	-0.406823	0.004741	0.001510	
-1	-1	-1	1	
0.191406	0.005694	0.136719	0.003548	0.047852	-0.010881	0.128906	-0.005953	0.006836	0.009540	0.125000	0.003348	0.180664	-0.005699	0.132812	-0.003650	0.025391	0.376786	0.000000	0.376786	0.127930	-0.599062	0.053711	-0.437772	0.103516	0.001455	0.001455	0.309087	0.309087	0.005694	0.005694	-0.002621	-0.002621	-0.002040	-0.002040	-0.528746	-0.528746	0.005023	0.001607	
-1	-1	-1	1	
0.194336	0.008782	0.133789	0.003843	0.044922	-0.008133	0.125977	-0.005651	0.007812	0.013884	0.125977	0.003937	0.177734	-0.003317	0.026367	-0.003038	0.129883	0.376786	0.000000	0.376786	0.183594	-0.599062	0.053711	-0.416463	0.103516	0.001684	0.001684	0.300931	0.300931	0.008782	0.008782	-0.002561	-0.002561	-0.001921	-0.001921	-0.536219	-0.536219	0.004829	0.001613	
-1	-1	-1	1	
0.193359	0.006532	0.139648	0.003803	0.046875	-0.011232	0.131836	-0.006215	0.001953	0.011655	0.131836	0.002659	0.181641	-0.003563	0.135742	-0.003466	0.042969	0.376786	0.000000	0.376786	0.131836	-0.599062	0.051758	-0.489046	0.101562	0.001697	0.001697	0.309258	0.309258	0.006532	0.006532	-0.002438	-0.002438	-0.002080	-0.002080	-0.532157	-0.532157	0.005016	0.001611	
-1	-1	-1	1	
0.191406	0.006959	0.134766	0.004039	0.045898	-0.009946	0.126953	-0.005202	0.005859	0.012740	0.126953	0.003053	0.178711	-0.005164	0.130859	-0.003445	0.041992	0.376786	0.000000	0.376786	0.183594	-0.599062	0.051758	-0.434002	0.101562	0.001509	0.001509	0.319535	0.319535	0.006959	0.006959	-0.002482	-0.002482	-0.002150	-0.002150	-0.527235	-0.527235	0.005009	0.001613	
-1	-1	-1	1	
0.146484	0.005966	0.134766	0.004158	0.046875	-0.010606	0.127930	-0.006172	0.005859	0.009719	0.124023	0.001284	0.001953	-0.005822	0.130859	-0.003446	0.028320	0.376786	0.000000	0.376771	0.135742	-0.599062	0.053711	-0.431215	0.103516	0.001187	0.001187	0.316051	0.316051	0.005966	0.005966	-0.002834	-0.002834	-0.002219	-0.002219	-0.468322	-0.468322	0.005142	0.001545	
-1	-1	-1	1	
0.239258	0.007327	0.181641	0.004159	0.092773	-0.011059	0.174805	-0.006467	0.051758	0.010044	0.152344	0.003529	0.033203	-0.006282	0.177734	-0.003450	0.088867	0.376786	0.039062	0.376786	0.231445	-0.599062	0.101562	-0.462850	0.151367	0.001159	0.001159	0.261095	0.261095	0.007327	0.007327	-0.002801	-0.002801	-0.001824	-0.001824	-0.384695	-0.384695	0.005197	0.001751	
-1	-1	-1	1	
0.404297	0.008188	0.138672	0.005036	0.346680	-0.006162	0.130859	-0.005954	0.005859	0.013080	0.130859	0.011300	0.338867	-0.003644	0.223633	-0.003370	0.024414	0.376786	0.000000	0.376786	0.187500	-0.599062	0.053711	-0.599062	0.253906	0.002800	0.002800	0.250558	0.250558	0.008188	0.008188	-0.002375	-0.002375	-0.001812	-0.001812	-0.431869	-0.431869	0.004249	0.001572	
-1	-1	-1	1	
0.206055	0.005146	0.146484	0.003953	0.045898	-0.009079	0.138672	-0.005009	0.004883	0.008785	0.134766	0.002118	0.186523	-0.004082	0.142578	-0.003324	0.027344	0.376786	0.000000	0.376786	0.191406	-0.599062	0.053711	-0.491162	0.103516	0.001708	0.001708	0.302617	0.302617	0.005146	0.005146	-0.002137	-0.002137	-0.001873	-0.001873	-0.539706	-0.539706	0.004553	0.001593	
-1	-1	-1	1	
0.200195	0.005749	0.139648	0.003648	0.046875	-0.005689	0.135742	-0.004492	0.199219	0.012310	0.131836	0.002932	0.187500	-0.003578	0.024414	-0.003128	0.180664	0.376786	0.000000	0.376786	0.191406	-0.599062	0.053711	-0.482579	0.103516	0.001428	0.001428	0.294486	0.294486	0.005749	0.005749	-0.002056	-0.002056	-0.001966	-0.001966	-0.525445	-0.525445	0.004266	0.001535	
-1	-1	-1	1	
0.207031	0.007508	0.139648	0.003674	0.046875	-0.004962	0.002930	-0.004742	0.206055	0.012095	0.131836	0.003682	0.183594	-0.003245	0.024414	-0.002404	0.176758	0.377021	0.191406	0.376786	0.000000	-0.599062	0.054688	-0.483712	0.104492	0.002217	0.002217	0.305309	0.305309	0.007508	0.007508	-0.002275	-0.002275	-0.001731	-0.001731	-0.523119	-0.523119	0.004003	0.001728	
-1	-1	-1	1	
0.202148	0.007535	0.135742	0.003450	0.043945	-0.011264	0.128906	-0.005166	0.002930	0.011087	0.128906	0.003069	0.184570	-0.005630	0.131836	-0.002997	0.021484	0.377021	0.000000	0.377021	0.187500	-0.598826	0.049805	-0.546150	0.099609	0.002232	0.002232	0.287759	0.287759	0.007535	0.007535	-0.002141	-0.002141	-0.001701	-0.001701	-0.541327	-0.541327	0.004340	0.001375	
-1	-1	-1	1	
0.157227	0.005657	0.137695	0.003790	0.044922	-0.007421	0.133789	-0.005139	0.004883	0.011539	0.129883	0.000801	0.000000	-0.002965	0.022461	-0.002084	0.137695	0.377021	0.000000	0.375874	0.131836	-0.598826	0.051758	-0.509568	0.101562	0.000371	0.000371	0.287349	0.287349	0.005657	0.005657	-0.002075	-0.002075	-0.001747	-0.001747	-0.508443	-0.508443	0.004194	0.001304	
-1	-1	-1	1	
0.256836	0.006182	0.188477	0.003193	0.095703	-0.006772	0.180664	-0.004718	0.254883	0.013742	0.180664	0.003230	0.236328	-0.002935	0.070312	-0.002654	0.017578	0.377021	0.032227	0.377021	0.245117	-0.598826	0.101562	-0.515171	0.151367	0.000881	0.000881	0.284163	0.284163	0.006182	0.006182	-0.002453	-0.002453	-0.001560	-0.001560	-0.404468	-0.404468	0.003805	0.001443	
-1	-1	-1	1	
0.203125	0.006260	0.138672	0.003623	0.042969	-0.011223	0.130859	-0.004744	0.001953	0.009946	0.130859	0.002978	0.182617	-0.005374	0.134766	-0.002948	0.020508	0.377021	0.000000	0.377021	0.189453	-0.598826	0.049805	-0.550904	0.099609	0.002477	0.002477	0.295384	0.295384	0.006260	0.006260	-0.001774	-0.001774	-0.001515	-0.001515	-0.528967	-0.528967	0.004557	0.001387	
-1	-1	-1	1	
0.213867	0.005513	0.142578	0.003119	0.046875	-0.010952	0.135742	-0.004967	0.208984	0.010545	0.134766	0.002872	0.186523	-0.002866	0.175781	-0.002858	0.020508	0.377021	0.000000	0.377021	0.191406	-0.598826	0.051758	-0.520550	0.101562	0.002201	0.002201	0.295364	0.295364	0.005513	0.005513	-0.001866	-0.001866	-0.001774	-0.001774	-0.526159	-0.526159	0.004334	0.001300	
-1	-1	-1	1	
0.215820	0.005406	0.139648	0.003567	0.040039	-0.011717	0.132812	-0.004361	0.000000	0.009727	0.132812	0.002449	0.182617	-0.003099	0.032227	-0.002990	0.172852	0.377021	0.000000	0.377021	0.188477	-0.598826	0.043945	-0.598826	0.093750	0.003572	0.003572	0.280905	0.280905	0.005406	0.005406	-0.001381	-0.001381	-0.001631	-0.001631	-0.526515	-0.526515	0.004251	0.001249	
-1	-1	-1	1	
0.211914	0.005371	0.146484	0.002844	0.042969	-0.011345	0.138672	-0.004016	0.201172	0.010465	0.138672	0.003240	0.086914	-0.003274	0.179688	-0.002891	0.035156	0.377021	0.000000	0.377021	0.196289	-0.598826	0.045898	-0.598826	0.095703	0.002573	0.002573	0.283747	0.283747	0.005371	0.005371	-0.001280	-0.001280	-0.001532	-0.001532	-0.527729	-0.527729	0.004390	0.001203	
-1	-1	-1	1	
0.223633	0.006145	0.145508	0.003081	0.041016	-0.010688	0.137695	-0.004598	0.214844	0.010225	0.137695	0.002479	0.189453	-0.002842	0.178711	-0.002820	0.019531	0.377021	0.000000	0.377021	0.195312	-0.598826	0.049805	-0.553780	0.099609	0.003025	0.003025	0.281507	0.281507	0.006145	0.006145	-0.001494	-0.001494	-0.001634	-0.001634	-0.517187	-0.517187	0.004088	0.001192	
-1	-1	-1	1	
0.250977	0.005592	0.143555	0.002967	0.036133	-0.007444	0.139648	-0.003061	0.002930	0.011159	0.139648	0.002927	0.083984	-0.003209	0.180664	-0.002691	0.028320	0.377021	0.000000	0.377021	0.139648	-0.598826	0.041992	-0.598826	0.091797	0.003747	0.003747	0.226825	0.226825	0.005592	0.005592	-0.001184	-0.001184	-0.001395	-0.001395	-0.484821	-0.484821	0.004238	0.001270	
-1	-1	-1	1	
0.274414	0.004184	0.147461	0.003294	0.033203	-0.007986	0.135742	-0.001453	0.185547	0.011312	0.139648	0.002418	0.087891	-0.002816	0.029297	-0.002323	0.151367	0.377021	0.137695	0.292070	0.235352	-0.598826	0.038086	-0.598826	0.087891	0.002623	0.002623	0.139780	0.139780	0.004184	0.004184	-0.000988	-0.000988	-0.001232	-0.001232	-0.471810	-0.471810	0.004049	0.000921	
-1	-1	-1	1	
0.274414	0.003832	0.158203	0.002750	0.028320	-0.007739	0.143555	-0.001304	0.091797	0.010054	0.147461	0.002139	0.095703	-0.003137	0.158203	-0.001281	0.258789	0.376738	0.147461	0.224389	0.263672	-0.598826	0.045898	-0.598826	0.095703	0.001972	0.001972	0.083582	0.083582	0.003832	0.003832	-0.000713	-0.000713	-0.000733	-0.000733	-0.444874	-0.444874	0.004196	0.000991	
-1	-1	-1	1	
