40	39	4
0.500000	0.000289	0.083984	0.000252	0.000000	-0.000268	0.253906	-0.000205	0.962891	0.000568	0.933594	0.000416	0.246094	-0.000323	0.264648	-0.000133	0.691406	0.098615	0.976562	0.050022	0.500000	-0.099928	0.130859	-0.070037	0.187500	0.000084	0.000084	0.022840	0.022840	0.000289	0.000289	-0.000055	-0.000055	-0.000066	-0.000066	0.000000	0.000000	0.000224	0.000048	
1	-1	-1	-1	
0.500000	0.000376	0.074219	0.000299	0.018555	-0.000387	0.214844	-0.000198	0.889648	0.000374	0.974609	0.000314	0.136719	-0.000259	0.222656	-0.000223	0.566406	0.069831	0.500000	0.049684	0.500000	-0.143931	0.095703	-0.080527	0.045898	0.000096	0.000096	0.023198	0.023198	0.000376	0.000376	-0.000060	-0.000060	-0.000071	-0.000071	-0.050132	-0.050132	0.000263	0.000053	
1	-1	-1	-1	
0.500000	0.000367	0.500000	0.000344	0.010742	-0.000280	0.290039	-0.000201	0.988281	0.000945	0.286133	0.000537	0.500000	-0.000476	0.300781	-0.000232	0.649414	0.098202	0.500000	0.054527	0.500000	-0.076171	0.103516	-0.057932	0.153320	0.000093	0.000093	0.020000	0.020000	0.000367	0.000367	-0.000048	-0.000048	-0.000059	-0.000059	-0.035913	-0.035913	0.000235	0.000051	
1	-1	-1	-1	
0.634766	0.000542	0.081055	0.000323	0.029297	-0.000795	0.189453	-0.000613	0.589844	0.001271	0.185547	0.000912	0.582031	-0.000636	0.196289	-0.000374	0.043945	0.168170	0.603516	0.120575	0.000000	-0.156378	0.095703	-0.064765	0.145508	0.000208	0.000208	0.037091	0.037091	0.000542	0.000542	-0.000197	-0.000197	-0.000230	-0.000230	0.000000	0.000000	0.000415	0.000094	
-1	1	-1	-1	
0.692383	0.000369	0.058594	0.000284	0.184570	-0.001370	0.196289	-0.000436	0.652344	0.001435	0.192383	0.000903	0.644531	-0.001061	0.203125	-0.000330	0.615234	0.139157	0.667969	0.094722	0.000000	-0.150015	0.096680	-0.091707	0.146484	0.000189	0.000189	0.034062	0.034062	0.000369	0.000369	-0.000118	-0.000118	-0.000160	-0.000160	-0.063500	-0.063500	0.000346	0.000079	
-1	1	-1	-1	
0.636719	0.000518	0.089844	0.000311	0.038086	-0.000742	0.159180	-0.000452	0.590820	0.001600	0.154297	0.000806	0.580078	-0.000842	0.166016	-0.000325	0.041016	0.150020	0.610352	0.108207	0.000000	-0.161027	0.095703	-0.042429	0.044922	0.000177	0.000177	0.038113	0.038113	0.000518	0.000518	-0.000095	-0.000095	-0.000206	-0.000206	-0.065196	-0.065196	0.000386	0.000085	
-1	1	-1	-1	
0.687500	0.000483	0.087891	0.000334	0.036133	-0.000540	0.183594	-0.000334	0.628906	0.001879	0.183594	0.000653	0.621094	-0.000829	0.194336	-0.000236	0.042969	0.109590	0.650391	0.105883	0.000000	-0.161906	0.096680	-0.068938	0.146484	0.000208	0.000208	0.036908	0.036908	0.000483	0.000483	-0.000103	-0.000103	-0.000180	-0.000180	-0.066781	-0.066781	0.000341	0.000095	
-1	1	-1	-1	
0.660156	0.000381	0.044922	0.000320	0.094727	-0.000711	0.187500	-0.000509	0.613281	0.001610	0.185547	0.000774	0.605469	-0.000802	0.193359	-0.000247	0.579102	0.124461	0.632812	0.080026	0.000000	-0.142061	0.109375	-0.073680	0.059570	0.000169	0.000169	0.035591	0.035591	0.000381	0.000381	-0.000121	-0.000121	-0.000143	-0.000143	-0.071336	-0.071336	0.000321	0.000094	
-1	1	-1	-1	
0.666992	0.000518	0.044922	0.000410	0.094727	-0.000552	0.201172	-0.000424	0.620117	0.001365	0.193359	0.000689	0.612305	-0.000740	0.205078	-0.000283	0.041992	0.124491	0.637695	0.083751	0.000000	-0.139662	0.095703	-0.070774	0.145508	0.000183	0.000183	0.029423	0.029423	0.000518	0.000518	-0.000195	-0.000195	-0.000166	-0.000166	-0.063801	-0.063801	0.000342	0.000105	
-1	1	-1	-1	
0.603516	0.000423	0.087891	0.000330	0.035156	-0.000520	0.584961	-0.000348	0.533203	0.002543	0.176758	0.000784	0.578125	-0.000977	0.187500	-0.000296	0.555664	0.131062	0.602539	0.087923	0.000000	-0.132912	0.095703	-0.083053	0.145508	0.000236	0.000236	0.034134	0.034134	0.000423	0.000423	-0.000060	-0.000060	-0.000184	-0.000184	-0.070791	-0.070791	0.000339	0.000085	
-1	1	-1	-1	
0.603516	0.000521	0.089844	0.000327	0.139648	-0.000485	0.000977	-0.000274	0.200195	0.001926	0.196289	0.000378	0.144531	-0.000765	0.208008	-0.000277	0.067383	0.131062	0.000000	0.051237	0.199219	-0.143343	0.119141	-0.062698	0.168945	0.000230	0.000230	0.049692	0.049692	0.000521	0.000521	-0.000185	-0.000185	-0.000199	-0.000199	-0.073176	-0.073176	0.000402	0.000072	
-1	1	-1	-1	
0.563477	0.000515	0.089844	0.000316	0.037109	-0.001096	0.556641	-0.000597	0.174805	0.001922	0.174805	0.001470	0.545898	-0.000617	0.186523	-0.000507	0.527344	0.208675	0.559570	0.121011	0.000000	-0.179083	0.102539	-0.057326	0.152344	0.000287	0.000287	0.034587	0.034587	0.000515	0.000515	-0.000137	-0.000137	-0.000235	-0.000235	-0.101944	-0.101944	0.000767	0.000226	
-1	-1	1	-1	
0.404297	0.000776	0.097656	0.000649	0.167969	-0.001791	0.153320	-0.001122	0.401367	0.002994	0.145508	0.001503	0.393555	-0.000771	0.153320	-0.000764	0.041992	0.204622	0.000000	0.185652	0.403320	-0.216232	0.095703	-0.044898	0.259766	0.000581	0.000581	0.072977	0.072977	0.000776	0.000776	-0.000481	-0.000481	-0.000496	-0.000496	-0.120662	-0.120662	0.000773	0.000222	
-1	-1	1	-1	
0.375977	0.000793	0.141602	0.000713	0.089844	-0.001647	0.156250	-0.001122	0.000000	0.004260	0.144531	0.000442	0.007812	-0.001010	0.152344	-0.000661	0.059570	0.191896	0.000977	0.104158	0.375000	-0.204445	0.101562	-0.046061	0.259766	0.000747	0.000747	0.079818	0.079818	0.000793	0.000793	-0.000509	-0.000509	-0.000464	-0.000464	-0.126296	-0.126296	0.000735	0.000225	
-1	-1	1	-1	
0.368164	0.000889	0.125000	0.000626	0.073242	-0.001646	0.168945	-0.001054	0.017578	0.005061	0.158203	0.001449	0.009766	-0.001805	0.165039	-0.000805	0.080078	0.194742	0.027344	0.164761	0.367188	-0.218810	0.117188	-0.040324	0.257812	0.000940	0.000940	0.108341	0.108341	0.000889	0.000889	-0.000745	-0.000745	-0.000583	-0.000583	-0.137517	-0.137517	0.000834	0.000221	
-1	-1	1	-1	
0.345703	0.001012	0.109375	0.000588	0.057617	-0.001334	0.008789	-0.000885	0.342773	0.006040	0.130859	0.001542	0.000977	-0.002410	0.142578	-0.000951	0.064453	0.216230	0.015625	0.150530	0.343750	-0.231208	0.095703	-0.044749	0.233398	0.001147	0.001147	0.105187	0.105187	0.001012	0.001012	-0.000655	-0.000655	-0.000632	-0.000632	-0.156971	-0.156971	0.000845	0.000200	
-1	-1	1	-1	
0.344727	0.001013	0.116211	0.000823	0.064453	-0.001906	0.149414	-0.001646	0.012695	0.004983	0.137695	0.001630	0.004883	-0.001405	0.145508	-0.001110	0.060547	0.243707	0.015625	0.177844	0.343750	-0.244976	0.095703	-0.048877	0.229492	0.000922	0.000922	0.115407	0.115407	0.001013	0.001013	-0.000990	-0.000990	-0.000683	-0.000683	-0.157296	-0.157296	0.000965	0.000225	
-1	-1	1	-1	
0.363281	0.001103	0.123047	0.000794	0.067383	-0.002401	0.152344	-0.001286	0.007812	0.004142	0.140625	0.001750	0.000000	-0.001598	0.152344	-0.000970	0.348633	0.230445	0.014648	0.204294	0.362305	-0.233115	0.095703	-0.051380	0.238281	0.000942	0.000942	0.106286	0.106286	0.001103	0.001103	-0.000939	-0.000939	-0.000615	-0.000615	-0.135494	-0.135494	0.000964	0.000212	
-1	-1	1	-1	
0.328125	0.001087	0.112305	0.000778	0.059570	-0.002289	0.145508	-0.001495	0.000000	0.004061	0.133789	0.001739	0.000000	-0.001426	0.141602	-0.000906	0.063477	0.238939	0.006836	0.091055	0.327148	-0.222286	0.095703	-0.044411	0.229492	0.000985	0.000985	0.114631	0.114631	0.001087	0.001087	-0.000956	-0.000956	-0.000657	-0.000657	-0.143487	-0.143487	0.001021	0.000262	
-1	-1	1	-1	
0.360352	0.001014	0.154297	0.000871	0.081055	-0.002455	0.168945	-0.001523	0.024414	0.004616	0.161133	0.001790	0.359375	-0.001425	0.168945	-0.001020	0.083984	0.268767	0.029297	0.192011	0.359375	-0.246009	0.111328	-0.036826	0.251953	0.001080	0.001080	0.141247	0.141247	0.001014	0.001014	-0.000966	-0.000966	-0.000589	-0.000589	-0.149246	-0.149246	0.001059	0.000294	
-1	-1	1	-1	
0.333008	0.000980	0.135742	0.000794	0.083984	-0.002000	0.150391	-0.001411	0.006836	0.004450	0.139648	0.001790	0.000000	-0.003042	0.150391	-0.000948	0.069336	0.246847	0.014648	0.100652	0.332031	-0.251582	0.095703	-0.034859	0.229492	0.001232	0.001232	0.128099	0.128099	0.000980	0.000980	-0.000991	-0.000991	-0.000702	-0.000702	-0.156414	-0.156414	0.000938	0.000258	
-1	-1	1	-1	
0.338867	0.001013	0.118164	0.000881	0.169922	-0.001582	0.021484	-0.001203	0.159180	0.005241	0.143555	0.001782	0.014648	-0.002950	0.155273	-0.001148	0.077148	0.262866	0.029297	0.162477	0.336914	-0.258451	0.109375	-0.050953	0.239258	0.001376	0.001376	0.140163	0.140163	0.001013	0.001013	-0.000919	-0.000919	-0.000755	-0.000755	-0.168638	-0.168638	0.000958	0.000289	
-1	-1	1	-1	
0.368164	0.001108	0.138672	0.000875	0.064453	-0.002498	0.153320	-0.001593	0.012695	0.005802	0.142578	0.001807	0.001953	-0.001990	0.149414	-0.001264	0.060547	0.272835	0.009766	0.226820	0.366211	-0.260836	0.095703	-0.046229	0.235352	0.000914	0.000914	0.127644	0.127644	0.001108	0.001108	-0.001063	-0.001063	-0.000843	-0.000843	-0.161175	-0.161175	0.001075	0.000260	
-1	-1	1	-1	
0.368164	0.001225	0.159180	0.000737	0.059570	-0.002893	0.148438	-0.001370	0.367188	0.005402	0.136719	0.001817	0.367188	-0.002878	0.148438	-0.000865	0.059570	0.244984	0.003906	0.216851	0.366211	-0.246203	0.095703	-0.044337	0.235352	0.000962	0.000962	0.097953	0.097953	0.001225	0.001225	-0.000859	-0.000859	-0.000615	-0.000615	-0.154437	-0.154437	0.000984	0.000281	
-1	-1	1	-1	
0.357422	0.000885	0.125000	0.000826	0.058594	-0.001451	0.002930	-0.001307	0.355469	0.005425	0.132812	0.001817	0.000000	-0.001890	0.139648	-0.001099	0.058594	0.263715	0.011719	0.229040	0.355469	-0.263592	0.095703	-0.050386	0.231445	0.000983	0.000983	0.108245	0.108245	0.000885	0.000885	-0.000878	-0.000878	-0.000814	-0.000814	-0.169474	-0.169474	0.000888	0.000271	
-1	-1	1	-1	
0.357422	0.001025	0.127930	0.000647	0.060547	-0.001364	0.001953	0.000000	0.000000	0.003853	0.124023	0.000874	0.000000	-0.002213	0.138672	-0.000993	0.052734	0.247115	0.003906	0.097314	0.127930	-0.257542	0.095703	0.000000	0.000000	0.001464	0.001464	0.134358	0.134358	0.001025	0.001025	-0.000725	-0.000725	-0.000685	-0.000685	-0.164562	-0.164562	0.000851	0.000273	
-1	-1	1	-1	
0.228516	0.001775	0.151367	0.001180	0.070312	-0.004108	0.143555	-0.001812	0.014648	0.012925	0.132812	0.002247	0.014648	-0.004100	0.140625	-0.001896	0.070312	0.309567	0.016602	0.109221	0.137695	-0.313927	0.095703	-0.061606	0.220703	0.000878	0.000878	0.210802	0.210802	0.001775	0.001775	-0.001209	-0.001209	-0.000876	-0.000876	0.000000	0.000000	0.001682	0.000635	
-1	-1	-1	1	
0.483398	0.001124	0.378906	0.001044	0.142578	-0.002209	0.029297	-0.002090	0.253906	0.008638	0.397461	0.005971	0.146484	-0.003709	0.408203	-0.002912	0.157227	0.362303	0.286133	0.356044	0.031250	-0.330631	0.357422	-0.292022	0.109375	0.000806	0.000806	0.129058	0.129058	0.001124	0.001124	-0.000806	-0.000806	-0.000854	-0.000854	-0.160375	-0.160375	0.001584	0.000648	
-1	-1	-1	1	
0.247070	0.001272	0.179688	0.001212	0.087891	-0.002573	0.172852	-0.002179	0.002930	0.005742	0.158203	0.002120	0.020508	-0.003051	0.168945	-0.001433	0.083984	0.364016	0.038086	0.125881	0.174805	-0.294943	0.107422	-0.089769	0.235352	0.000745	0.000745	0.232771	0.232771	0.001272	0.001272	-0.001249	-0.001249	-0.000805	-0.000805	-0.186431	-0.186431	0.001644	0.000699	
-1	-1	-1	1	
0.462891	0.001407	0.169922	0.001221	0.344727	-0.004187	0.162109	-0.003069	0.385742	0.007170	0.370117	0.006309	0.147461	-0.003599	0.381836	-0.002294	0.158203	0.403042	0.257812	0.351186	0.024414	-0.317652	0.326172	-0.302811	0.095703	0.000821	0.000821	0.155279	0.155279	0.001407	0.001407	-0.001114	-0.001114	-0.000771	-0.000771	-0.151463	-0.151463	0.001664	0.000632	
-1	-1	-1	1	
0.241211	0.001682	0.160156	0.001113	0.067383	-0.004284	0.152344	-0.001938	0.022461	0.006033	0.137695	0.001758	0.003906	-0.003163	0.148438	-0.001718	0.066406	0.360753	0.027344	0.256281	0.239258	-0.352342	0.095703	-0.129868	0.212891	0.000832	0.000832	0.252828	0.252828	0.001682	0.001682	-0.001159	-0.001159	-0.001007	-0.001007	-0.255302	-0.255302	0.001729	0.000609	
-1	-1	-1	1	
0.250000	0.001118	0.066406	0.000999	0.116211	-0.002522	0.155273	-0.001681	0.225586	0.005746	0.140625	0.001429	0.244141	-0.003077	0.151367	-0.001471	0.069336	0.348906	0.015625	0.215869	0.249023	-0.314419	0.095703	-0.118141	0.227539	0.000589	0.000589	0.260145	0.260145	0.001118	0.001118	-0.001077	-0.001077	-0.000720	-0.000720	-0.229183	-0.229183	0.001532	0.000645	
-1	-1	-1	1	
0.481445	0.001708	0.409180	0.001612	0.164062	-0.005328	0.401367	-0.004189	0.157227	0.007237	0.386719	0.006506	0.146484	-0.002820	0.397461	-0.002380	0.153320	0.352527	0.258789	0.335719	0.023438	-0.324388	0.095703	-0.291844	0.336914	0.000796	0.000796	0.170899	0.170899	0.001708	0.001708	-0.001057	-0.001057	-0.000707	-0.000707	-0.163635	-0.163635	0.001730	0.000702	
-1	-1	-1	1	
0.235352	0.001229	0.072266	0.000867	0.124023	-0.002072	0.161133	-0.001709	0.016602	0.008143	0.142578	0.001862	0.234375	-0.003490	0.153320	-0.001479	0.072266	0.341515	0.019531	0.148304	0.233398	-0.312601	0.095703	-0.117295	0.212891	0.000310	0.000310	0.255499	0.255499	0.001229	0.001229	-0.001047	-0.001047	-0.000684	-0.000684	-0.240756	-0.240756	0.001371	0.000646	
-1	-1	-1	1	
0.244141	0.001320	0.070312	0.001213	0.120117	-0.003269	0.158203	-0.001909	0.021484	0.005578	0.143555	0.002059	0.232422	-0.002042	0.154297	-0.001503	0.069336	0.350080	0.021484	0.271834	0.242188	-0.332870	0.095703	-0.127860	0.211914	0.000689	0.000689	0.262576	0.262576	0.001320	0.001320	-0.001027	-0.001027	-0.000823	-0.000823	-0.236037	-0.236037	0.001318	0.000445	
-1	-1	-1	1	
0.219727	0.001462	0.070312	0.001142	0.120117	-0.002417	0.159180	-0.002282	0.215820	0.005956	0.140625	0.000557	0.006836	-0.003304	0.152344	-0.001328	0.070312	0.347353	0.013672	0.095926	0.162109	-0.319712	0.095703	-0.112154	0.215820	0.000226	0.000226	0.261111	0.261111	0.001462	0.001462	-0.000959	-0.000959	-0.000683	-0.000683	-0.236133	-0.236133	0.001265	0.000413	
-1	-1	-1	1	
0.219727	0.001615	0.158203	0.001389	0.106445	-0.003733	0.151367	-0.002377	0.028320	0.008628	0.135742	0.001883	0.218750	-0.003227	0.146484	-0.001951	0.080078	0.372864	0.032227	0.196241	0.218750	-0.359066	0.095703	-0.132613	0.201172	0.000988	0.000988	0.238552	0.238552	0.001615	0.001615	-0.001177	-0.001177	-0.000950	-0.000950	-0.233601	-0.233601	0.001488	0.000378	
-1	-1	-1	1	
0.249023	0.001727	0.166016	0.001468	0.069336	-0.004244	0.158203	-0.001848	0.021484	0.007169	0.143555	0.002087	0.243164	-0.004162	0.154297	-0.001601	0.073242	0.359244	0.025391	0.216327	0.248047	-0.311651	0.095703	-0.138946	0.223633	0.000554	0.000554	0.259976	0.259976	0.001727	0.001727	-0.001077	-0.001077	-0.000771	-0.000771	-0.235859	-0.235859	0.001421	0.000348	
-1	-1	-1	1	
0.284180	0.001667	0.170898	0.001295	0.120117	-0.005223	0.164062	-0.001696	0.016602	0.008648	0.148438	0.001974	0.238281	-0.003395	0.160156	-0.001473	0.072266	0.333078	0.022461	0.288717	0.265625	-0.317313	0.095703	-0.129931	0.147461	0.000574	0.000574	0.253650	0.253650	0.001667	0.001667	-0.000882	-0.000882	-0.000694	-0.000694	-0.200661	-0.200661	0.001581	0.000459	
-1	-1	-1	1	
0.284180	0.000933	0.046875	0.000784	0.142578	-0.001189	0.120117	-0.000957	0.169922	0.003420	0.146484	0.000069	0.196289	-0.002315	0.161133	-0.000734	0.027344	0.244938	0.000000	0.089995	0.152344	-0.309281	0.103516	-0.153251	0.053711	0.000598	0.000598	0.137967	0.137967	0.000933	0.000933	-0.000517	-0.000517	-0.000382	-0.000382	-0.206014	-0.206014	0.000992	0.000340	
-1	-1	-1	1	
