42	39	4
0.500000	0.000597	0.044922	0.000508	0.966797	-0.000457	0.419922	-0.000171	0.349609	0.000599	0.405273	0.000467	0.026367	-0.001032	0.419922	-0.000402	0.056641	0.047028	0.415039	0.041455	0.922852	-0.158414	0.128906	-0.134617	0.178711	0.000231	0.000231	0.013822	0.013822	0.000597	0.000597	-0.000111	-0.000111	-0.000200	-0.000200	0.000000	0.000000	0.000354	0.000085	
1	-1	-1	-1	
0.500000	0.000584	0.010742	0.000554	0.955078	-0.000368	0.465820	-0.000167	0.250977	0.000483	0.054688	0.000397	0.000000	-0.000667	0.447266	-0.000423	0.332031	0.052422	0.943359	0.040740	0.877930	-0.196249	0.174805	-0.160322	0.125000	0.000196	0.000196	0.009071	0.009071	0.000584	0.000584	-0.000124	-0.000124	-0.000238	-0.000238	-0.080696	-0.080696	0.000371	0.000088	
1	-1	-1	-1	
0.500000	0.000681	0.025391	0.000651	0.970703	-0.000712	0.424805	-0.000186	0.169922	0.000868	0.398438	0.000544	0.013672	-0.001068	0.414062	-0.000618	0.036133	0.069069	0.922852	0.065850	0.434570	-0.178606	0.122070	-0.163868	0.072266	0.000210	0.000210	0.034457	0.034457	0.000681	0.000681	-0.000099	-0.000099	-0.000207	-0.000207	-0.073535	-0.073535	0.000420	0.000065	
1	-1	-1	-1	
0.500000	0.000676	0.022461	0.000674	0.500000	-0.000589	0.347656	-0.000177	0.436523	0.000491	0.500000	0.000476	0.336914	-0.000948	0.347656	-0.000722	0.033203	0.050919	0.344727	0.041725	0.953125	-0.205217	0.094727	-0.159887	0.144531	0.000236	0.000236	0.015143	0.015143	0.000676	0.000676	-0.000082	-0.000082	-0.000158	-0.000158	-0.067990	-0.067990	0.000389	0.000065	
1	-1	-1	-1	
0.643555	0.000791	0.053711	0.000493	0.616211	-0.000960	0.378906	-0.000187	0.327148	0.000441	0.353516	0.000335	0.045898	-0.001429	0.368164	-0.000808	0.064453	0.078046	0.386719	0.064978	0.000000	-0.198356	0.145508	-0.171265	0.095703	0.000150	0.000150	0.026909	0.026909	0.000791	0.000791	-0.000051	-0.000051	-0.000194	-0.000194	0.000000	0.000000	0.000570	0.000079	
-1	1	-1	-1	
0.675781	0.000950	0.080078	0.000490	0.632812	-0.000845	0.343750	-0.000681	0.040039	0.000488	0.032227	0.000484	0.335938	-0.001206	0.087891	-0.001200	0.343750	0.113913	0.046875	0.072607	0.341797	-0.233731	0.155273	-0.169149	0.105469	0.000232	0.000232	0.050974	0.050974	0.000950	0.000950	-0.000141	-0.000141	-0.000250	-0.000250	-0.138195	-0.138195	0.000499	0.000081	
-1	1	-1	-1	
0.633789	0.001152	0.060547	0.000265	0.590820	-0.000850	0.308594	-0.000642	0.012695	0.000528	0.304688	0.000449	0.157227	-0.001436	0.071289	-0.001224	0.319336	0.116953	0.023438	0.063994	0.317383	-0.237024	0.130859	-0.164053	0.180664	0.000243	0.000243	0.052263	0.052263	0.001152	0.001152	-0.000132	-0.000132	-0.000259	-0.000259	-0.134679	-0.134679	0.000534	0.000091	
-1	1	-1	-1	
0.683594	0.000903	0.064453	0.000622	0.682617	-0.000893	0.331055	-0.000310	0.008789	0.000758	0.315430	0.000422	0.000977	-0.001715	0.331055	-0.001142	0.075195	0.083300	0.659180	0.081697	0.019531	-0.222481	0.119141	-0.186509	0.168945	0.000231	0.000231	0.042839	0.042839	0.000903	0.000903	-0.000170	-0.000170	-0.000348	-0.000348	-0.130316	-0.130316	0.000531	0.000103	
-1	1	-1	-1	
0.600586	0.000811	0.014648	0.000386	0.555664	-0.000867	0.299805	-0.000152	0.541016	0.000685	0.040039	0.000664	0.289062	-0.001652	0.299805	-0.001096	0.029297	0.077563	0.599609	0.076758	0.297852	-0.210879	0.111328	-0.165475	0.061523	0.000185	0.000185	0.019305	0.019305	0.000811	0.000811	-0.000080	-0.000080	-0.000213	-0.000213	-0.130003	-0.130003	0.000561	0.000084	
-1	1	-1	-1	
0.622070	0.001014	0.047852	0.000513	0.598633	-0.000861	0.308594	-0.000491	0.620117	0.000870	0.296875	0.000427	0.042969	-0.001567	0.307617	-0.001489	0.059570	0.095042	0.013672	0.068860	0.621094	-0.230414	0.120117	-0.151870	0.170898	0.000207	0.000207	0.044387	0.044387	0.001014	0.001014	-0.000113	-0.000113	-0.000285	-0.000285	-0.129476	-0.129476	0.000548	0.000084	
-1	1	-1	-1	
0.628906	0.000979	0.057617	0.000594	0.580078	-0.001276	0.332031	-0.000512	0.001953	0.000884	0.298828	0.000366	0.009766	-0.001653	0.305664	-0.001184	0.068359	0.119837	0.021484	0.080647	0.302734	-0.238595	0.109375	-0.198332	0.159180	0.000213	0.000213	0.058189	0.058189	0.000979	0.000979	-0.000216	-0.000216	-0.000374	-0.000374	-0.151714	-0.151714	0.000620	0.000109	
-1	1	-1	-1	
0.375000	0.001093	0.256836	0.001040	0.054688	-0.002498	0.246094	-0.002268	0.029297	0.001097	0.139648	0.000806	0.223633	-0.001666	0.062500	-0.001634	0.239258	0.145602	0.250000	0.103983	0.033203	-0.361470	0.117188	-0.180406	0.166992	0.000497	0.000497	0.056092	0.056092	0.001093	0.001093	0.000000	0.000000	-0.000690	-0.000690	-0.216945	-0.216945	0.001168	0.000220	
-1	-1	1	-1	
0.312500	0.001168	0.043945	0.000375	0.309570	-0.001157	0.014648	-0.001109	0.184570	0.001670	0.172852	0.000933	0.121094	-0.002441	0.183594	-0.001833	0.047852	0.129717	0.024414	0.073525	0.196289	-0.351158	0.095703	-0.152347	0.145508	0.000567	0.000567	0.081235	0.081235	0.001168	0.001168	-0.000527	-0.000527	-0.000771	-0.000771	-0.244216	-0.244216	0.000963	0.000217	
-1	-1	1	-1	
0.334961	0.001488	0.074219	0.000389	0.244141	-0.001173	0.192383	-0.001034	0.048828	0.001693	0.155273	0.000411	0.333008	-0.002392	0.082031	-0.001424	0.203125	0.138777	0.048828	0.062558	0.234375	-0.402701	0.117188	-0.136671	0.166992	0.000588	0.000588	0.066742	0.066742	0.001488	0.001488	-0.000518	-0.000518	-0.000922	-0.000922	-0.284203	-0.284203	0.000910	0.000256	
-1	-1	1	-1	
0.319336	0.001346	0.049805	0.000375	0.250000	-0.001255	0.172852	-0.001197	0.023438	0.001993	0.134766	0.000411	0.000000	-0.002498	0.057617	-0.001283	0.183594	0.148403	0.021484	0.066074	0.179688	-0.397158	0.095703	-0.130740	0.145508	0.000835	0.000835	0.080256	0.080256	0.001346	0.001346	-0.000452	-0.000452	-0.000828	-0.000828	-0.261689	-0.261689	0.000995	0.000237	
-1	-1	1	-1	
0.285156	0.001098	0.048828	0.000613	0.219727	-0.001377	0.175781	-0.001049	0.023438	0.001693	0.141602	0.000282	0.008789	-0.001727	0.059570	-0.001236	0.182617	0.110018	0.025391	0.072243	0.211914	-0.363392	0.095703	-0.131351	0.145508	0.000672	0.000672	0.073132	0.073132	0.001098	0.001098	-0.000398	-0.000398	-0.000725	-0.000725	-0.265447	-0.265447	0.000909	0.000266	
-1	-1	1	-1	
0.329102	0.001053	0.076172	0.000401	0.000000	-0.001146	0.198242	-0.001001	0.045898	0.001672	0.165039	0.000334	0.031250	-0.001912	0.083008	-0.001829	0.206055	0.126156	0.048828	0.073644	0.203125	-0.382123	0.121094	-0.141186	0.170898	0.000492	0.000492	0.060707	0.060707	0.001053	0.001053	-0.000447	-0.000447	-0.000799	-0.000799	-0.270349	-0.270349	0.000913	0.000238	
-1	-1	1	-1	
0.300781	0.001012	0.050781	0.000352	0.232422	-0.001181	0.176758	-0.001079	0.017578	0.001504	0.135742	0.000402	0.005859	-0.001947	0.061523	-0.001758	0.183594	0.130239	0.027344	0.083151	0.215820	-0.373793	0.095703	-0.199017	0.145508	0.000649	0.000649	0.074112	0.074112	0.001012	0.001012	-0.000462	-0.000462	-0.000820	-0.000820	-0.264845	-0.264845	0.000880	0.000245	
-1	-1	1	-1	
0.291992	0.000926	0.076172	0.000762	0.236328	-0.001498	0.212891	-0.000951	0.042969	0.001530	0.161133	0.000308	0.028320	-0.001827	0.083984	-0.001283	0.198242	0.099378	0.046875	0.074508	0.223633	-0.376207	0.119141	-0.088510	0.168945	0.000398	0.000398	0.053757	0.053757	0.000926	0.000926	-0.000521	-0.000521	-0.000794	-0.000794	-0.267461	-0.267461	0.000898	0.000233	
-1	-1	1	-1	
0.344727	0.001140	0.077148	0.000279	0.250977	-0.001140	0.203125	-0.000729	0.047852	0.001481	0.173828	0.000382	0.343750	-0.002108	0.084961	-0.001592	0.209961	0.111359	0.050781	0.091843	0.243164	-0.389141	0.125000	-0.104957	0.174805	0.000530	0.000530	0.057636	0.057636	0.001140	0.001140	-0.000372	-0.000372	-0.000813	-0.000813	-0.272293	-0.272293	0.000800	0.000218	
-1	-1	1	-1	
0.280273	0.000976	0.050781	0.000352	0.212891	-0.001338	0.179688	-0.001129	0.017578	0.002037	0.138672	0.000461	0.009766	-0.001956	0.179688	-0.001704	0.057617	0.145368	0.024414	0.096626	0.175781	-0.365250	0.095703	-0.114911	0.145508	0.000687	0.000687	0.091460	0.091460	0.000976	0.000976	-0.000578	-0.000578	-0.000751	-0.000751	-0.256351	-0.256351	0.000867	0.000205	
-1	-1	1	-1	
0.303711	0.000811	0.066406	0.000339	0.218750	-0.001595	0.188477	-0.000992	0.029297	0.002658	0.177734	0.000657	0.125977	-0.003054	0.188477	-0.001614	0.070312	0.133924	0.042969	0.118576	0.185547	-0.360333	0.113281	-0.093989	0.163086	0.000560	0.000560	0.077975	0.077975	0.000811	0.000811	-0.000411	-0.000411	-0.000721	-0.000721	-0.257780	-0.257780	0.000782	0.000160	
-1	-1	1	-1	
0.311523	0.000946	0.056641	0.000436	0.249023	-0.001149	0.177734	-0.000942	0.026367	0.001853	0.140625	0.000336	0.252930	-0.001982	0.059570	-0.001409	0.185547	0.135757	0.031250	0.078313	0.181641	-0.358619	0.095703	-0.147976	0.145508	0.000809	0.000809	0.084154	0.084154	0.000946	0.000946	-0.000345	-0.000345	-0.000741	-0.000741	-0.248994	-0.248994	0.000748	0.000155	
-1	-1	1	-1	
0.304688	0.000773	0.052734	0.000466	0.211914	-0.001199	0.178711	-0.000703	0.023438	0.001708	0.149414	0.000302	0.011719	-0.001722	0.178711	-0.001594	0.059570	0.126429	0.025391	0.091411	0.186523	-0.350230	0.101562	-0.083410	0.151367	0.000785	0.000785	0.095564	0.095564	0.000773	0.000773	-0.000359	-0.000359	-0.000666	-0.000666	-0.244429	-0.244429	0.000693	0.000203	
-1	-1	1	-1	
0.315430	0.000768	0.047852	0.000583	0.239258	-0.001192	0.168945	-0.000950	0.014648	0.001780	0.135742	0.000379	0.000000	-0.001469	0.176758	-0.001433	0.058594	0.139616	0.022461	0.082545	0.208984	-0.340842	0.095703	-0.123136	0.145508	0.000868	0.000868	0.092008	0.092008	0.000768	0.000768	-0.000377	-0.000377	-0.000617	-0.000617	-0.230671	-0.230671	0.000730	0.000189	
-1	-1	1	-1	
0.715820	0.000977	0.044922	0.000773	0.218750	-0.001645	0.188477	-0.000850	0.015625	0.001324	0.129883	0.001054	0.179688	-0.002185	0.188477	-0.001686	0.052734	0.111289	0.016602	0.099487	0.642578	-0.330143	0.095703	-0.122734	0.258789	0.000457	0.000457	0.060525	0.060525	0.000977	0.000977	-0.000368	-0.000368	-0.000396	-0.000396	-0.138722	-0.138722	0.000800	0.000180	
-1	-1	1	-1	
0.715820	0.000444	0.029297	0.000309	0.084961	0.000000	0.000000	0.000000	0.000000	0.000336	0.143555	0.000000	0.000000	-0.000258	0.040039	-0.000107	0.089844	0.016711	0.000977	0.000000	0.000000	-0.206448	0.095703	-0.134133	0.145508	0.000202	0.000202	0.011686	0.011686	0.000444	0.000444	0.000000	0.000000	-0.000146	-0.000146	-0.145559	-0.145559	0.000425	0.000113	
-1	-1	1	-1	
0.201172	0.001740	0.181641	0.001298	0.049805	-0.005517	0.174805	-0.001645	0.027344	0.002920	0.125977	0.000754	0.185547	-0.002768	0.056641	-0.002009	0.166992	0.198128	0.174805	0.123294	0.028320	-0.440774	0.095703	0.000000	0.000000	0.000318	0.000318	0.080236	0.080236	0.001740	0.001740	-0.000816	-0.000816	-0.001225	-0.001225	0.000000	0.000000	0.001991	0.000530	
-1	-1	-1	1	
0.405273	0.001159	0.395508	0.001135	0.264648	-0.002474	0.362305	-0.001839	0.040039	0.004735	0.358398	0.003234	0.161133	-0.002958	0.369141	-0.002954	0.171875	0.171604	0.246094	0.162335	0.166992	-0.453023	0.304688	-0.447837	0.105469	0.001068	0.001068	0.093588	0.093588	0.001159	0.001159	-0.000790	-0.000790	-0.001312	-0.001312	-0.262053	-0.262053	0.001510	0.000483	
-1	-1	-1	1	
0.188477	0.001177	0.052734	0.000872	0.102539	-0.002955	0.153320	-0.001976	0.035156	0.006308	0.149414	0.000523	0.000000	-0.003278	0.156250	-0.002755	0.060547	0.194775	0.154297	0.159608	0.034180	-0.412566	0.095703	0.000000	0.000000	0.000285	0.000285	0.095623	0.095623	0.001177	0.001177	-0.000980	-0.000980	-0.001276	-0.001276	-0.217386	-0.217386	0.001742	0.000543	
-1	-1	-1	1	
0.193359	0.002118	0.186523	0.001157	0.057617	-0.003459	0.167969	-0.002119	0.038086	0.006082	0.149414	0.000597	0.015625	-0.003010	0.160156	-0.002878	0.064453	0.202047	0.168945	0.158327	0.037109	-0.421179	0.094727	-0.003783	0.144531	0.000351	0.000351	0.100978	0.100978	0.002118	0.002118	-0.001169	-0.001169	-0.001342	-0.001342	-0.238598	-0.238598	0.001922	0.000492	
-1	-1	-1	1	
0.185547	0.001989	0.178711	0.001621	0.000000	-0.003906	0.170898	-0.001605	0.034180	0.004714	0.148438	0.000621	0.015625	-0.002749	0.067383	-0.002035	0.160156	0.214907	0.173828	0.156151	0.040039	-0.458760	0.095703	0.000000	0.000000	0.000378	0.000378	0.091434	0.091434	0.001989	0.001989	-0.001090	-0.001090	-0.001421	-0.001421	-0.228991	-0.228991	0.001910	0.000494	
-1	-1	-1	1	
0.161133	0.000949	0.063477	0.000777	0.000000	-0.002985	0.152344	-0.001684	0.037109	0.005914	0.144531	0.000495	0.030273	-0.002582	0.059570	-0.002441	0.155273	0.239315	0.149414	0.134351	0.041992	-0.434248	0.095703	0.000000	0.000000	0.000227	0.000227	0.094138	0.094138	0.000949	0.000949	-0.000882	-0.000882	-0.001401	-0.001401	-0.144642	-0.144642	0.001854	0.000446	
-1	-1	-1	1	
0.179688	0.001448	0.013672	0.000973	0.073242	-0.003116	0.001953	-0.002348	0.168945	0.003404	0.139648	0.000614	0.039062	-0.002657	0.080078	-0.002371	0.168945	0.208127	0.166992	0.195192	0.006836	-0.424532	0.109375	0.000000	0.000000	0.000391	0.000391	0.112082	0.112082	0.001448	0.001448	-0.001170	-0.001170	-0.001265	-0.001265	-0.136106	-0.136106	0.001910	0.000485	
-1	-1	-1	1	
0.175781	0.001254	0.067383	0.000929	0.152344	-0.002643	0.174805	-0.002159	0.000977	0.004715	0.152344	0.000550	0.022461	-0.002674	0.163086	-0.002547	0.074219	0.207471	0.159180	0.190767	0.002930	-0.399483	0.109375	0.000000	0.000000	0.000311	0.000311	0.111353	0.111353	0.001254	0.001254	-0.001234	-0.001234	-0.001151	-0.001151	-0.134123	-0.134123	0.001711	0.000431	
-1	-1	-1	1	
0.190430	0.001672	0.183594	0.001308	0.065430	-0.005036	0.168945	-0.002643	0.000000	0.003510	0.154297	0.000552	0.032227	-0.002845	0.069336	-0.002681	0.161133	0.237854	0.170898	0.190931	0.000977	-0.442428	0.099609	0.000000	0.000000	0.000332	0.000332	0.118725	0.118725	0.001672	0.001672	-0.001150	-0.001150	-0.001466	-0.001466	-0.207133	-0.207133	0.002013	0.000521	
-1	-1	-1	1	
0.195312	0.001058	0.000000	0.000942	0.193359	-0.003293	0.182617	-0.001504	0.038086	0.003916	0.156250	0.000638	0.000000	-0.002673	0.067383	-0.002663	0.166992	0.182541	0.188477	0.139552	0.041992	-0.422967	0.101562	0.000000	0.000000	0.000252	0.000252	0.095396	0.095396	0.001058	0.001058	-0.000834	-0.000834	-0.001307	-0.001307	-0.234826	-0.234826	0.001654	0.000441	
-1	-1	-1	1	
0.189453	0.001165	0.175781	0.001127	0.054688	-0.004551	0.168945	-0.001404	0.032227	0.003588	0.146484	0.000572	0.005859	-0.002996	0.157227	-0.002810	0.061523	0.195416	0.174805	0.152083	0.000000	-0.440417	0.095703	0.000000	0.000000	0.000292	0.000292	0.102076	0.102076	0.001165	0.001165	-0.000756	-0.000756	-0.001181	-0.001181	-0.235649	-0.235649	0.001721	0.000518	
-1	-1	-1	1	
0.195312	0.001128	0.194336	0.001008	0.064453	-0.002615	0.164062	-0.001516	0.030273	0.004776	0.160156	0.000597	0.023438	-0.002281	0.071289	-0.001874	0.167969	0.252311	0.166992	0.139864	0.041016	-0.404684	0.112305	0.000000	0.000000	0.000329	0.000329	0.094884	0.094884	0.001128	0.001128	-0.000964	-0.000964	-0.001205	-0.001205	-0.177447	-0.177447	0.001624	0.000430	
-1	-1	-1	1	
0.160156	0.001128	0.000000	0.001094	0.061523	-0.002237	0.154297	-0.001577	0.028320	0.003766	0.150391	0.000857	0.005859	-0.002039	0.057617	-0.001972	0.153320	0.226488	0.155273	0.196819	0.000000	-0.358055	0.095703	0.000000	0.000000	0.000247	0.000247	0.133674	0.133674	0.001128	0.001128	-0.000812	-0.000812	-0.001329	-0.001329	-0.106639	-0.106639	0.001187	0.000291	
-1	-1	-1	1	
0.203125	0.001025	0.083008	0.000922	0.030273	-0.004837	0.201172	-0.003299	0.012695	0.003412	0.148438	0.000701	0.004883	-0.002331	0.185547	-0.002263	0.089844	0.237872	0.021484	0.209784	0.201172	-0.363986	0.119141	0.000000	0.000000	0.000332	0.000332	0.152677	0.152677	0.001025	0.001025	-0.001415	-0.001415	-0.001124	-0.001124	-0.111804	-0.111804	0.001455	0.000324	
-1	-1	-1	1	
0.203125	0.001478	0.004883	0.001336	0.060547	-0.004837	0.000000	-0.002166	0.156250	0.002568	0.129883	0.001010	0.004883	-0.003232	0.071289	-0.002239	0.000000	0.256216	0.001953	0.165959	0.180664	-0.410850	0.095703	-0.011290	0.201172	0.000387	0.000387	0.153515	0.153515	0.001478	0.001478	-0.001370	-0.001370	-0.001368	-0.001368	-0.256670	-0.256670	0.001274	0.000315	
-1	-1	-1	1	
