138	8	3
0.019098	0.076738	0.073757	-0.104267	-0.060244	-0.006003	0.039055	0.012094	
1	-1	-1	
0.018077	0.090255	0.130143	-0.137705	-0.061793	-0.006722	0.065247	0.011061	
1	-1	-1	
0.020569	0.081345	0.081938	-0.115920	-0.063543	-0.010337	0.050439	0.017285	
1	-1	-1	
0.019174	0.079509	0.106152	-0.106696	-0.061295	-0.014825	0.042059	0.016626	
1	-1	-1	
0.014486	0.086085	0.104831	-0.118060	-0.060368	-0.003542	0.062581	0.008543	
1	-1	-1	
0.018646	0.087831	0.108378	-0.119491	-0.072331	-0.015595	0.054453	0.010830	
1	-1	-1	
0.019090	0.083803	0.104339	-0.118776	-0.061213	-0.010713	0.059795	0.009812	
1	-1	-1	
0.015563	0.075790	0.105204	-0.097512	-0.058404	-0.006929	0.044520	0.006534	
1	-1	-1	
0.023619	0.115329	0.079142	-0.213472	-0.094358	-0.016089	0.038893	0.010770	
1	-1	-1	
0.024525	0.112788	0.103192	-0.209821	-0.093969	-0.051219	0.045609	0.012797	
1	-1	-1	
0.023544	0.111079	0.116976	-0.203742	-0.087141	-0.007961	0.042840	0.021389	
1	-1	-1	
0.023526	0.125748	0.101196	-0.222160	-0.099018	-0.009260	0.029227	0.024647	
1	-1	-1	
0.022892	0.116922	0.094416	-0.199182	-0.090063	-0.006190	0.026160	0.020823	
1	-1	-1	
0.022230	0.121293	0.098416	-0.249041	-0.099292	-0.008494	0.035560	0.022224	
1	-1	-1	
0.019634	0.121683	0.077137	-0.236130	-0.092797	-0.006314	0.020368	0.011353	
1	-1	-1	
0.023971	0.104367	0.096359	-0.212646	-0.089669	-0.019905	0.056432	0.011030	
1	-1	-1	
0.023537	0.113663	0.112512	-0.168822	-0.099965	-0.036687	0.052548	0.009309	
1	-1	-1	
0.022667	0.110630	0.103363	-0.207327	-0.099360	-0.011421	0.043103	0.020196	
1	-1	-1	
0.018582	0.109420	0.089043	-0.199205	-0.085690	-0.014821	0.035837	0.009581	
1	-1	-1	
0.035312	0.133451	0.111211	-0.240799	-0.108819	-0.007970	0.040018	0.030078	
1	-1	-1	
0.032421	0.137153	0.114609	-0.241291	-0.107412	-0.006063	0.042031	0.028916	
1	-1	-1	
0.031723	0.142582	0.116546	-0.275563	-0.112706	-0.005708	0.039671	0.028110	
1	-1	-1	
0.033814	0.130035	0.103418	-0.233095	-0.099423	-0.005292	0.041232	0.029578	
1	-1	-1	
0.028188	0.148598	0.118006	-0.323500	-0.121606	-0.004429	0.050669	0.019121	
1	-1	-1	
0.031323	0.137131	0.117112	-0.305395	-0.124490	-0.008098	0.072111	0.028107	
1	-1	-1	
0.031048	0.137373	0.127960	-0.305976	-0.110233	-0.005951	0.043683	0.032686	
1	-1	-1	
0.031534	0.144874	0.137675	-0.279036	-0.121139	-0.006339	0.050279	0.032813	
1	-1	-1	
0.023352	0.147923	0.108678	-0.302311	-0.122352	-0.004126	0.060394	0.011077	
1	-1	-1	
0.029778	0.134960	0.122193	-0.283759	-0.105172	-0.041153	0.061584	0.010288	
1	-1	-1	
0.032307	0.137419	0.125293	-0.264075	-0.120257	-0.028291	0.063472	0.023198	
1	-1	-1	
0.032012	0.143555	0.129405	-0.262465	-0.120090	-0.004453	0.070484	0.029308	
1	-1	-1	
0.030733	0.136591	0.134412	-0.307944	-0.105652	-0.006413	0.044848	0.032241	
1	-1	-1	
0.053464	0.169210	0.145216	-0.294875	-0.128548	-0.012847	0.053986	0.045506	
1	-1	-1	
0.051089	0.158299	0.162442	-0.301923	-0.121617	-0.010247	0.072755	0.045730	
1	-1	-1	
0.057138	0.156387	0.162233	-0.243645	-0.127650	-0.011646	0.071993	0.049899	
1	-1	-1	
0.047837	0.160961	0.140224	-0.302236	-0.123565	-0.012547	0.054948	0.048383	
1	-1	-1	
0.053859	0.201498	0.140224	-0.330757	-0.137996	-0.088194	0.081548	0.042499	
1	-1	-1	
0.053111	0.155608	0.170295	-0.265177	-0.123636	-0.091434	0.108490	0.032577	
1	-1	-1	
0.052416	0.170468	0.183542	-0.271480	-0.131357	-0.099032	0.089370	0.038254	
1	-1	-1	
0.052328	0.157515	0.169505	-0.290404	-0.133017	-0.035134	0.084399	0.047390	
1	-1	-1	
0.042950	0.163093	0.103164	-0.241515	-0.130296	-0.007354	0.054431	0.036815	
1	-1	-1	
0.044666	0.163378	0.170786	-0.304263	-0.130210	-0.095381	0.091257	0.033198	
1	-1	-1	
0.050216	0.147718	0.184778	-0.273567	-0.124313	-0.078079	0.085309	0.053666	
1	-1	-1	
0.051605	0.164272	0.122029	-0.206840	-0.117772	-0.103007	0.046146	0.035670	
1	-1	-1	
0.059654	0.159984	0.180084	-0.252735	-0.116591	-0.083111	0.087197	0.057293	
1	-1	-1	
0.054682	0.178747	0.157047	-0.301149	-0.138567	-0.008799	0.080681	0.049487	
1	-1	-1	
0.051273	0.163990	0.127036	-0.242617	-0.114912	-0.091661	0.049995	0.040065	
1	-1	-1	
0.058080	0.161290	0.124622	-0.274029	-0.121165	-0.093007	0.089433	0.048144	
1	-1	-1	
0.020158	0.128139	0.039803	-0.202087	-0.046475	-0.006817	0.021417	0.008916	
-1	1	-1	
0.024154	0.092944	0.143530	-0.082401	-0.046876	-0.007746	0.050029	0.030043	
-1	1	-1	
0.017284	0.143997	0.207173	-0.112278	-0.027672	-0.007997	0.080880	0.014375	
-1	1	-1	
0.018330	0.109491	0.183823	-0.089107	-0.029471	-0.007336	0.074115	0.019863	
-1	1	-1	
0.017875	0.115368	0.219392	-0.179074	-0.057772	-0.006080	0.062091	0.010750	
-1	1	-1	
0.020501	0.126573	0.193172	-0.153578	-0.037046	-0.010292	0.083567	0.045179	
-1	1	-1	
0.019735	0.115385	0.218266	-0.116385	-0.032302	-0.006106	0.065197	0.011657	
-1	1	-1	
0.021378	0.124179	0.177928	-0.114507	-0.029845	-0.018650	0.079552	0.003408	
-1	1	-1	
0.020916	0.070437	0.127437	-0.080047	-0.037728	-0.016911	0.045263	0.033668	
-1	1	-1	
0.021400	0.068945	0.100466	-0.081671	-0.040943	-0.014566	0.045041	0.018910	
-1	1	-1	
0.018802	0.076832	0.143664	-0.120772	-0.061092	-0.014436	0.049544	0.013494	
-1	1	-1	
0.021908	0.071109	0.115143	-0.108478	-0.047936	-0.014638	0.048597	0.028379	
-1	1	-1	
0.022436	0.066776	0.098998	-0.128178	-0.065091	-0.019000	0.041989	0.028158	
-1	1	-1	
0.026011	0.081161	0.117535	-0.108918	-0.059063	-0.019758	0.053259	0.013442	
-1	1	-1	
0.021938	0.086012	0.168005	-0.101020	-0.047023	-0.017122	0.059811	0.017735	
-1	1	-1	
0.023605	0.081192	0.113452	-0.102018	-0.049085	-0.016843	0.050459	0.015567	
-1	1	-1	
0.024477	0.107688	0.151957	-0.171085	-0.058253	-0.018219	0.076642	0.050325	
-1	1	-1	
0.019388	0.071400	0.086273	-0.125771	-0.047261	-0.021747	0.033627	0.000000	
-1	1	-1	
0.034607	0.130641	0.223726	-0.164836	-0.031808	-0.036287	0.091988	0.017713	
-1	1	-1	
0.024221	0.137744	0.238866	-0.188082	-0.042904	-0.014411	0.103765	0.073155	
-1	1	-1	
0.025249	0.120597	0.213459	-0.144094	-0.050342	-0.012381	0.070035	0.044674	
-1	1	-1	
0.025240	0.145163	0.226855	-0.102803	-0.034389	-0.015859	0.073196	0.003857	
-1	1	-1	
0.033503	0.137976	0.225857	-0.105575	-0.040457	-0.028020	0.080838	0.078580	
-1	1	-1	
0.029198	0.148230	0.284523	-0.195801	-0.087611	-0.019369	0.076314	0.012754	
-1	1	-1	
0.029772	0.150809	0.241071	-0.152586	-0.028831	-0.026469	0.075329	0.008261	
-1	1	-1	
0.033306	0.161069	0.261324	-0.146536	-0.060581	-0.025943	0.097619	0.025011	
-1	1	-1	
0.032275	0.147798	0.219809	-0.227524	-0.038085	-0.025790	0.099964	0.003291	
-1	1	-1	
0.027550	0.142750	0.238882	-0.167040	-0.062315	-0.020920	0.090487	0.018503	
-1	1	-1	
0.040276	0.156733	0.239732	-0.178842	-0.052862	-0.029498	0.105904	0.058050	
-1	1	-1	
0.034642	0.116327	0.189187	-0.133334	-0.069186	-0.022205	0.064405	0.051244	
-1	1	-1	
0.040833	0.176093	0.296783	-0.241492	-0.105862	-0.046087	0.119677	0.027959	
-1	1	-1	
0.048897	0.168348	0.289466	-0.232969	-0.114027	-0.050926	0.093447	0.055447	
-1	1	-1	
0.046074	0.136668	0.175741	-0.262190	-0.114850	-0.033606	0.092009	0.075558	
-1	1	-1	
0.047739	0.168772	0.222903	-0.267837	-0.104890	-0.031732	0.122747	0.064737	
-1	1	-1	
0.048106	0.146011	0.214782	-0.212494	-0.098654	-0.048992	0.080996	0.095368	
-1	1	-1	
0.045109	0.157276	0.182327	-0.322152	-0.092420	-0.038276	0.085216	0.055216	
-1	1	-1	
0.047373	0.153121	0.204366	-0.145633	-0.085847	-0.041694	0.106085	0.011802	
-1	1	-1	
0.050461	0.162315	0.312980	-0.186328	-0.057536	-0.054110	0.112326	0.078280	
-1	1	-1	
0.041571	0.168306	0.231605	-0.239957	-0.097841	-0.032394	0.090837	0.081964	
-1	1	-1	
0.044750	0.137259	0.301372	-0.220287	-0.073188	-0.033187	0.051297	0.073683	
-1	1	-1	
0.044032	0.136879	0.187871	-0.179205	-0.082447	-0.034684	0.081279	0.051223	
-1	1	-1	
0.040365	0.174088	0.342753	-0.205446	-0.097198	-0.063785	0.113762	0.055035	
-1	1	-1	
0.045658	0.148275	0.259128	-0.197444	-0.077253	-0.041101	0.112591	0.041315	
-1	1	-1	
0.044095	0.164592	0.229996	-0.287372	-0.087599	-0.058265	0.120656	0.047599	
-1	1	-1	
0.040680	0.136887	0.187215	-0.246737	-0.085815	-0.028844	0.096646	0.046322	
-1	1	-1	
0.031603	0.144924	0.180182	-0.247258	-0.073746	-0.033291	0.055935	0.002247	
-1	1	-1	
0.020138	0.078143	0.056948	-0.149776	-0.049235	-0.005962	0.024096	0.013371	
-1	-1	1	
0.019637	0.100714	0.033091	-0.143711	-0.058785	-0.008244	0.015098	0.015485	
-1	-1	1	
0.020346	0.109613	0.084888	-0.169818	-0.076960	-0.006509	0.037191	0.020535	
-1	-1	1	
0.015991	0.076579	0.093560	-0.143458	-0.056943	-0.004933	0.027718	0.011376	
-1	-1	1	
0.014494	0.106287	0.074454	-0.147320	-0.067213	-0.011382	0.039859	0.009377	
-1	-1	1	
0.016088	0.091367	0.074469	-0.147856	-0.066650	-0.006301	0.029270	0.011903	
-1	-1	1	
0.011730	0.093221	0.031569	-0.122822	-0.059654	-0.001819	0.018299	0.006804	
-1	-1	1	
0.024650	0.123235	0.080840	-0.182552	-0.098807	-0.050702	0.036803	0.014555	
-1	-1	1	
0.022305	0.118923	0.066938	-0.198869	-0.091666	-0.003615	0.020444	0.013316	
-1	-1	1	
0.027150	0.146568	0.100063	-0.259502	-0.119534	-0.005761	0.045661	0.019065	
-1	-1	1	
0.025316	0.155756	0.049950	-0.355182	-0.104395	-0.006002	0.021135	0.014845	
-1	-1	1	
0.022811	0.132332	0.066044	-0.246106	-0.099101	-0.048922	0.023388	0.010827	
-1	-1	1	
0.033113	0.150805	0.088783	-0.284596	-0.107266	-0.065598	0.036419	0.023064	
-1	-1	1	
0.025311	0.166488	0.061454	-0.323488	-0.116524	-0.011955	0.021718	0.019537	
-1	-1	1	
0.026717	0.141046	0.068621	-0.211819	-0.098914	-0.010124	0.011600	0.014529	
-1	-1	1	
0.033088	0.139375	0.103542	-0.260940	-0.105835	-0.038446	0.029977	0.030786	
-1	-1	1	
0.033339	0.168804	0.083038	-0.297702	-0.119707	-0.040842	0.027834	0.033162	
-1	-1	1	
0.031195	0.169986	0.124702	-0.322080	-0.105328	-0.000520	0.039339	0.023981	
-1	-1	1	
0.033698	0.145188	0.100562	-0.280029	-0.105891	-0.038335	0.028558	0.024702	
-1	-1	1	
0.031286	0.123742	0.068346	-0.179148	-0.100474	-0.031741	0.026091	0.024396	
-1	-1	1	
0.028303	0.156223	0.108117	-0.331795	-0.102851	-0.002762	0.048388	0.022895	
-1	-1	1	
0.039038	0.137116	0.091681	-0.258630	-0.082497	-0.044471	0.028335	0.034471	
-1	-1	1	
0.036357	0.138869	0.096792	-0.205731	-0.100233	-0.053075	0.028794	0.031522	
-1	-1	1	
0.033165	0.173914	0.096539	-0.329470	-0.088542	-0.006786	0.017341	0.030415	
-1	-1	1	
0.041089	0.166676	0.117952	-0.239154	-0.101908	-0.085024	0.044733	0.037868	
-1	-1	1	
0.039791	0.176483	0.127995	-0.291159	-0.098332	-0.115135	0.052955	0.037848	
-1	-1	1	
0.030213	0.132573	0.097686	-0.287881	-0.078850	-0.095261	0.029807	0.038286	
-1	-1	1	
0.043093	0.184504	0.061325	-0.241765	-0.117634	-0.010655	0.031913	0.026383	
-1	-1	1	
0.049520	0.171407	0.069252	-0.247398	-0.112368	-0.055767	0.026173	0.036956	
-1	-1	1	
0.050212	0.207713	0.091648	-0.326135	-0.122350	-0.023670	0.026967	0.047195	
-1	-1	1	
0.049645	0.240092	0.126472	-0.456610	-0.141409	-0.014206	0.046128	0.041929	
-1	-1	1	
0.041327	0.259885	0.116802	-0.456610	-0.098552	-0.200790	0.033269	0.039069	
-1	-1	1	
0.051399	0.251096	0.092095	-0.456610	-0.094785	-0.248299	0.029299	0.045518	
-1	-1	1	
0.043605	0.279196	0.140122	-0.456610	-0.098526	-0.224370	0.046793	0.042339	
-1	-1	1	
0.051089	0.280419	0.287226	-0.456610	-0.158460	-0.255267	0.103672	0.039590	
-1	-1	1	
0.057790	0.301155	0.144378	-0.461265	-0.113720	-0.236644	0.076713	0.047216	
-1	-1	1	
0.052981	0.270327	0.093148	-0.461265	-0.111327	-0.110259	0.031738	0.034693	
-1	-1	1	
0.061936	0.237713	0.207589	-0.460341	-0.158818	-0.080522	0.073526	0.050276	
-1	-1	1	
0.058750	0.264771	0.288144	-0.461265	-0.122578	-0.205170	0.117858	0.052023	
-1	-1	1	
0.060811	0.234379	0.267611	-0.461265	-0.100134	-0.155822	0.095760	0.051688	
-1	-1	1	
0.054319	0.277694	0.336558	-0.461265	-0.108063	-0.218853	0.108899	0.062493	
-1	-1	1	
0.060242	0.257226	0.314981	-0.461265	-0.122633	-0.119009	0.127272	0.042740	
-1	-1	1	
0.059647	0.241938	0.266016	-0.461265	-0.110700	-0.148438	0.121815	0.045288	
-1	-1	1	
0.059494	0.242297	0.177310	-0.348865	-0.123633	-0.094274	0.052203	0.058993	
-1	-1	1	
