48	39	4
0.622070	0.000323	0.037109	0.000093	0.200195	-0.000262	0.581055	-0.000233	0.245117	0.000282	0.204102	0.000225	0.081055	-0.000906	0.245117	-0.000458	0.026367	0.062383	0.607422	0.057004	0.264648	-0.183337	0.095703	-0.166156	0.145508	0.000123	0.000123	0.038781	0.038781	0.000323	0.000323	-0.000103	-0.000103	-0.000239	-0.000239	-0.131715	-0.131715	0.000196	0.000054	
1	-1	-1	-1	
0.646484	0.000329	0.044922	0.000073	0.328125	-0.000231	0.269531	-0.000170	0.180664	0.000228	0.206055	0.000214	0.092773	-0.001108	0.265625	-0.000452	0.037109	0.066645	0.284180	0.057197	0.011719	-0.183725	0.096680	-0.168794	0.150391	0.000118	0.000118	0.044767	0.044767	0.000329	0.000329	-0.000100	-0.000100	-0.000241	-0.000241	-0.131586	-0.131586	0.000214	0.000050	
1	-1	-1	-1	
0.712891	0.000377	0.063477	0.000166	0.113281	-0.000352	0.307617	-0.000249	0.681641	0.000239	0.710938	0.000222	0.159180	-0.001535	0.303711	-0.000512	0.074219	0.063620	0.292969	0.056959	0.682617	-0.187226	0.161133	-0.175261	0.210938	0.000108	0.000108	0.043011	0.043011	0.000377	0.000377	-0.000135	-0.000135	-0.000288	-0.000288	-0.135647	-0.135647	0.000216	0.000046	
1	-1	-1	-1	
0.680664	0.000452	0.031250	0.000072	0.309570	-0.000288	0.651367	-0.000245	0.268555	0.000269	0.001953	0.000238	0.086914	-0.001191	0.264648	-0.000527	0.024414	0.063144	0.655273	0.056482	0.001953	-0.180983	0.095703	-0.164323	0.145508	0.000111	0.000111	0.036237	0.036237	0.000452	0.000452	-0.000109	-0.000109	-0.000202	-0.000202	-0.128298	-0.128298	0.000223	0.000044	
1	-1	-1	-1	
0.639648	0.000399	0.018555	0.000132	0.068359	-0.000297	0.253906	-0.000155	0.166016	0.000277	0.003906	0.000268	0.091797	-0.001342	0.257812	-0.000502	0.026367	0.057884	0.246094	0.052743	0.000000	-0.174097	0.095703	-0.166155	0.145508	0.000107	0.000107	0.037306	0.037306	0.000399	0.000399	-0.000096	-0.000096	-0.000286	-0.000286	-0.131019	-0.131019	0.000249	0.000047	
1	-1	-1	-1	
0.666016	0.000412	0.067383	0.000157	0.117188	-0.000288	0.291992	-0.000251	0.210938	0.000315	0.048828	0.000280	0.248047	-0.001010	0.291992	-0.000416	0.075195	0.075125	0.307617	0.055545	0.665039	-0.190831	0.198242	-0.171072	0.148438	0.000123	0.000123	0.045874	0.045874	0.000412	0.000412	-0.000128	-0.000128	-0.000256	-0.000256	-0.135998	-0.135998	0.000228	0.000050	
1	-1	-1	-1	
0.683594	0.000391	0.049805	0.000162	0.099609	-0.000258	0.278320	-0.000257	0.000977	0.000273	0.034180	0.000234	0.226562	-0.001122	0.278320	-0.000452	0.060547	0.064828	0.296875	0.058570	0.682617	-0.181652	0.155273	-0.163309	0.105469	0.000111	0.000111	0.044394	0.044394	0.000391	0.000391	-0.000131	-0.000131	-0.000280	-0.000280	-0.136130	-0.136130	0.000230	0.000048	
1	-1	-1	-1	
0.683594	0.000423	0.046875	0.000153	0.096680	-0.000222	0.295898	-0.000201	0.184570	0.000281	0.032227	0.000197	0.221680	-0.000861	0.277344	-0.000459	0.058594	0.062638	0.295898	0.058570	0.000000	-0.182725	0.151367	-0.156603	0.101562	0.000100	0.000100	0.040686	0.040686	0.000423	0.000423	-0.000121	-0.000121	-0.000217	-0.000217	-0.136537	-0.136537	0.000216	0.000038	
1	-1	-1	-1	
0.438477	0.000469	0.032227	0.000217	0.151367	-0.000580	0.192383	-0.000493	0.132812	0.001041	0.203125	0.000962	0.151367	-0.001766	0.191406	-0.000595	0.017578	0.127563	0.204102	0.058854	0.000000	-0.285587	0.107422	-0.228456	0.057617	0.000310	0.000310	0.069366	0.069366	0.000469	0.000469	-0.000255	-0.000255	-0.000504	-0.000504	-0.199430	-0.199430	0.000389	0.000095	
-1	1	-1	-1	
0.497070	0.000477	0.086914	0.000279	0.205078	-0.000633	0.028320	-0.000589	0.182617	0.001228	0.253906	0.001006	0.201172	-0.002107	0.242188	-0.000575	0.072266	0.130334	0.250977	0.075036	0.049805	-0.309667	0.175781	-0.267646	0.125000	0.000363	0.000363	0.064114	0.064114	0.000477	0.000477	-0.000353	-0.000353	-0.000358	-0.000358	-0.213023	-0.213023	0.000433	0.000093	
-1	1	-1	-1	
0.529297	0.000445	0.075195	0.000321	0.519531	-0.000750	0.218750	-0.000701	0.489258	0.001344	0.185547	0.000902	0.235352	-0.001869	0.218750	-0.000554	0.051758	0.125313	0.231445	0.083709	0.510742	-0.307372	0.142578	-0.239751	0.092773	0.000391	0.000391	0.065007	0.065007	0.000445	0.000445	-0.000364	-0.000364	-0.000378	-0.000378	-0.215700	-0.215700	0.000483	0.000105	
-1	1	-1	-1	
0.483398	0.000492	0.007812	0.000321	0.471680	-0.000669	0.437500	-0.000639	0.108398	0.001113	0.133789	0.001051	0.186523	-0.001917	0.174805	-0.000604	0.007812	0.112900	0.185547	0.085154	0.461914	-0.310904	0.095703	-0.248274	0.045898	0.000375	0.000375	0.058900	0.058900	0.000492	0.000492	-0.000270	-0.000270	-0.000427	-0.000427	-0.200655	-0.200655	0.000467	0.000091	
-1	1	-1	-1	
0.478516	0.000491	0.009766	0.000346	0.469727	-0.000652	0.114258	-0.000643	0.435547	0.001320	0.131836	0.001110	0.181641	-0.002153	0.168945	-0.000609	0.001953	0.118026	0.179688	0.080356	0.456055	-0.311098	0.095703	-0.252536	0.045898	0.000384	0.000384	0.060994	0.060994	0.000491	0.000491	-0.000262	-0.000262	-0.000424	-0.000424	-0.197390	-0.197390	0.000450	0.000093	
-1	1	-1	-1	
0.495117	0.000477	0.024414	0.000449	0.494141	-0.000701	0.171875	-0.000669	0.438477	0.001180	0.182617	0.001130	0.130859	-0.002212	0.171875	-0.000628	0.004883	0.139648	0.180664	0.076343	0.462891	-0.308430	0.096680	-0.245726	0.046875	0.000357	0.000357	0.063505	0.063505	0.000477	0.000477	-0.000255	-0.000255	-0.000402	-0.000402	-0.188760	-0.188760	0.000446	0.000084	
-1	1	-1	-1	
0.464844	0.000495	0.006836	0.000147	0.125000	-0.000538	0.460938	-0.000535	0.098633	0.000993	0.125000	0.000929	0.180664	-0.002043	0.168945	-0.000474	0.000000	0.124101	0.177734	0.070040	0.456055	-0.293116	0.103516	-0.262465	0.053711	0.000312	0.000312	0.060413	0.060413	0.000495	0.000495	-0.000239	-0.000239	-0.000420	-0.000420	-0.210048	-0.210048	0.000415	0.000073	
-1	1	-1	-1	
0.461914	0.000466	0.055664	0.000302	0.176758	-0.000739	0.210938	-0.000576	0.155273	0.001193	0.176758	0.000766	0.226562	-0.001817	0.209961	-0.000605	0.040039	0.136797	0.220703	0.068282	0.000000	-0.304232	0.147461	-0.262286	0.096680	0.000335	0.000335	0.068654	0.068654	0.000466	0.000466	-0.000318	-0.000318	-0.000398	-0.000398	-0.205972	-0.205972	0.000410	0.000085	
-1	1	-1	-1	
0.502930	0.000446	0.078125	0.000261	0.204102	-0.000600	0.022461	-0.000554	0.185547	0.001105	0.204102	0.000759	0.253906	-0.001745	0.241211	-0.000647	0.070312	0.106339	0.252930	0.077416	0.042969	-0.292848	0.170898	-0.251453	0.121094	0.000285	0.000285	0.063098	0.063098	0.000446	0.000446	-0.000301	-0.000301	-0.000379	-0.000379	-0.204073	-0.204073	0.000401	0.000077	
-1	1	-1	-1	
0.538086	0.000438	0.093750	0.000191	0.208984	-0.000605	0.512695	-0.000582	0.246094	0.001048	0.208984	0.000870	0.260742	-0.001746	0.246094	-0.000626	0.071289	0.117411	0.257812	0.078310	0.511719	-0.303681	0.181641	-0.258620	0.131836	0.000331	0.000331	0.064147	0.064147	0.000438	0.000438	-0.000300	-0.000300	-0.000363	-0.000363	-0.207700	-0.207700	0.000408	0.000088	
-1	1	-1	-1	
0.538086	0.000512	0.033203	0.000194	0.163086	-0.000498	0.200195	-0.000459	0.132812	0.000928	0.163086	0.000911	0.214844	-0.001686	0.204102	-0.000620	0.022461	0.109379	0.212891	0.064631	0.000977	-0.275846	0.096680	-0.241886	0.146484	0.000278	0.000278	0.053090	0.053090	0.000512	0.000512	-0.000221	-0.000221	-0.000449	-0.000449	-0.182543	-0.182543	0.000386	0.000076	
-1	1	-1	-1	
0.408203	0.000608	0.023438	0.000405	0.130859	-0.001062	0.112305	-0.000839	0.385742	0.001961	0.130859	0.000544	0.197266	-0.002143	0.164062	-0.000570	0.008789	0.154557	0.173828	0.096190	0.407227	-0.401524	0.095703	-0.281108	0.044922	0.000676	0.000676	0.081940	0.081940	0.000608	0.000608	-0.000381	-0.000381	-0.000462	-0.000462	-0.263760	-0.263760	0.000651	0.000153	
-1	-1	1	-1	
0.414062	0.000581	0.034180	0.000537	0.137695	-0.001142	0.119141	-0.000887	0.393555	0.002012	0.137695	0.000484	0.204102	-0.002084	0.166992	-0.000605	0.014648	0.170606	0.177734	0.104519	0.000977	-0.400079	0.102539	-0.273315	0.052734	0.000598	0.000598	0.086974	0.086974	0.000581	0.000581	-0.000407	-0.000407	-0.000512	-0.000512	-0.257981	-0.257981	0.000687	0.000153	
-1	-1	1	-1	
0.427734	0.000625	0.035156	0.000485	0.138672	-0.001126	0.120117	-0.000837	0.400391	0.002177	0.138672	0.000502	0.188477	-0.002879	0.171875	-0.000563	0.020508	0.157016	0.180664	0.101807	0.002930	-0.395072	0.109375	-0.291270	0.059570	0.000653	0.000653	0.077966	0.077966	0.000625	0.000625	-0.000367	-0.000367	-0.000539	-0.000539	-0.264713	-0.264713	0.000663	0.000163	
-1	-1	1	-1	
0.400391	0.000572	0.024414	0.000422	0.131836	-0.001090	0.157227	-0.000931	0.375977	0.001898	0.127930	0.000375	0.000000	-0.002066	0.157227	-0.000669	0.009766	0.170636	0.166016	0.114935	0.397461	-0.387904	0.095703	-0.275445	0.045898	0.000661	0.000661	0.078658	0.078658	0.000572	0.000572	-0.000379	-0.000379	-0.000466	-0.000466	-0.260553	-0.260553	0.000675	0.000156	
-1	-1	1	-1	
0.372070	0.000585	0.027344	0.000514	0.130859	-0.001091	0.112305	-0.000982	0.162109	0.002274	0.130859	0.000459	0.190430	-0.002916	0.161133	-0.000622	0.012695	0.204849	0.168945	0.107678	0.000000	-0.399766	0.101562	-0.290734	0.050781	0.000796	0.000796	0.100569	0.100569	0.000585	0.000585	-0.000404	-0.000404	-0.000496	-0.000496	-0.270667	-0.270667	0.000640	0.000164	
-1	-1	1	-1	
0.431641	0.000591	0.059570	0.000398	0.163086	-0.001182	0.144531	-0.000940	0.007812	0.002219	0.162109	0.000579	0.225586	-0.002487	0.192383	-0.000631	0.043945	0.201139	0.201172	0.111612	0.029297	-0.416857	0.130859	-0.279186	0.081055	0.000812	0.000812	0.098528	0.098528	0.000591	0.000591	-0.000500	-0.000500	-0.000411	-0.000411	-0.270956	-0.270956	0.000725	0.000176	
-1	-1	1	-1	
0.399414	0.000575	0.035156	0.000568	0.138672	-0.001167	0.120117	-0.000991	0.390625	0.002173	0.138672	0.000599	0.188477	-0.002846	0.171875	-0.000683	0.019531	0.177043	0.180664	0.112223	0.006836	-0.407529	0.104492	-0.270901	0.053711	0.000801	0.000801	0.098586	0.098586	0.000575	0.000575	-0.000389	-0.000389	-0.000480	-0.000480	-0.266911	-0.266911	0.000707	0.000178	
-1	-1	1	-1	
0.404297	0.000733	0.134766	0.000606	0.031250	-0.001430	0.116211	-0.001078	0.166016	0.002491	0.134766	0.000446	0.190430	-0.001911	0.164062	-0.000666	0.016602	0.207289	0.170898	0.125601	0.003906	-0.429140	0.103516	-0.279681	0.053711	0.000862	0.000862	0.096561	0.096561	0.000733	0.000733	-0.000496	-0.000496	-0.000404	-0.000404	-0.277517	-0.277517	0.000768	0.000170	
-1	-1	1	-1	
0.372070	0.000574	0.026367	0.000527	0.129883	-0.001169	0.159180	-0.000993	0.107422	0.002281	0.129883	0.000415	0.189453	-0.002550	0.159180	-0.000605	0.007812	0.203295	0.166016	0.079631	0.370117	-0.405775	0.095703	-0.277103	0.045898	0.000728	0.000728	0.100747	0.100747	0.000574	0.000574	-0.000450	-0.000450	-0.000510	-0.000510	-0.267475	-0.267475	0.000701	0.000167	
-1	-1	1	-1	
0.402344	0.000613	0.061523	0.000497	0.168945	-0.001031	0.146484	-0.000883	0.009766	0.002027	0.165039	0.000559	0.214844	-0.002379	0.198242	-0.000627	0.049805	0.173344	0.207031	0.095083	0.032227	-0.396983	0.130859	-0.271277	0.081055	0.000676	0.000676	0.073198	0.073198	0.000613	0.000613	-0.000512	-0.000512	-0.000399	-0.000399	-0.264590	-0.264590	0.000683	0.000174	
-1	-1	1	-1	
0.431641	0.000555	0.070312	0.000455	0.173828	-0.001088	0.155273	-0.000894	0.426758	0.002089	0.173828	0.000742	0.223633	-0.002315	0.207031	-0.000627	0.055664	0.152021	0.216797	0.100761	0.039062	-0.405074	0.141602	-0.274287	0.090820	0.000657	0.000657	0.077860	0.077860	0.000555	0.000555	-0.000476	-0.000476	-0.000428	-0.000428	-0.263255	-0.263255	0.000666	0.000174	
-1	-1	1	-1	
0.419922	0.000561	0.041992	0.000521	0.146484	-0.001061	0.127930	-0.000992	0.394531	0.002072	0.146484	0.000537	0.196289	-0.002585	0.178711	-0.000761	0.031250	0.180556	0.187500	0.109299	0.416992	-0.398592	0.115234	-0.271038	0.065430	0.000808	0.000808	0.086905	0.086905	0.000561	0.000561	-0.000475	-0.000475	-0.000452	-0.000452	-0.266285	-0.266285	0.000677	0.000177	
-1	-1	1	-1	
0.419922	0.000602	0.026367	0.000465	0.129883	-0.001106	0.111328	-0.000960	0.381836	0.002216	0.129883	0.000460	0.189453	-0.002964	0.160156	-0.000727	0.011719	0.193416	0.169922	0.107392	0.404297	-0.412257	0.095703	-0.283689	0.044922	0.000736	0.000736	0.080127	0.080127	0.000602	0.000602	-0.000396	-0.000396	-0.000531	-0.000531	-0.266146	-0.266146	0.000719	0.000183	
-1	-1	1	-1	
0.343750	0.000713	0.130859	0.000490	0.045898	-0.001542	0.341797	-0.001435	0.164062	0.003176	0.166992	0.001452	0.115234	-0.002733	0.156250	-0.001046	0.019531	0.263355	0.163086	0.155068	0.005859	-0.438222	0.095703	-0.305900	0.045898	0.001269	0.001269	0.126537	0.126537	0.000713	0.000713	-0.000562	-0.000562	-0.000557	-0.000557	0.000000	0.000000	0.000935	0.000260	
-1	-1	-1	1	
0.349609	0.000893	0.130859	0.000574	0.031250	-0.001791	0.164062	-0.001578	0.345703	0.003401	0.164062	0.001247	0.112305	-0.002999	0.156250	-0.000920	0.016602	0.314942	0.165039	0.182188	0.005859	-0.470006	0.095703	-0.289851	0.045898	0.001198	0.001198	0.144430	0.144430	0.000893	0.000893	-0.000727	-0.000727	-0.000595	-0.000595	-0.314132	-0.314132	0.000991	0.000266	
-1	-1	-1	1	
0.355469	0.000942	0.128906	0.000580	0.033203	-0.002268	0.166016	-0.001522	0.000000	0.003867	0.169922	0.001523	0.118164	-0.002892	0.162109	-0.000874	0.336914	0.271520	0.168945	0.182382	0.005859	-0.484177	0.095703	-0.291475	0.044922	0.001284	0.001284	0.123357	0.123357	0.000942	0.000942	-0.000789	-0.000789	-0.000497	-0.000497	-0.318460	-0.318460	0.001050	0.000264	
-1	-1	-1	1	
0.345703	0.000886	0.125000	0.000574	0.174805	-0.001661	0.162109	-0.001367	0.111328	0.003866	0.162109	0.001537	0.103516	-0.003622	0.155273	-0.000903	0.333008	0.280729	0.163086	0.173292	0.003906	-0.490167	0.095703	-0.298225	0.045898	0.001442	0.001442	0.132127	0.132127	0.000886	0.000886	-0.000642	-0.000642	-0.000518	-0.000518	-0.316432	-0.316432	0.000928	0.000267	
-1	-1	-1	1	
0.328125	0.000867	0.131836	0.000572	0.045898	-0.001486	0.116211	-0.001445	0.168945	0.003487	0.171875	0.001816	0.120117	-0.002787	0.161133	-0.000950	0.016602	0.296420	0.168945	0.182575	0.005859	-0.478336	0.109375	-0.344181	0.059570	0.001321	0.001321	0.123055	0.123055	0.000867	0.000867	-0.000707	-0.000707	-0.000372	-0.000372	-0.318051	-0.318051	0.001003	0.000283	
-1	-1	-1	1	
0.322266	0.000814	0.155273	0.000598	0.059570	-0.001599	0.025391	-0.001377	0.188477	0.003229	0.192383	0.001652	0.140625	-0.002788	0.185547	-0.001015	0.040039	0.255934	0.190430	0.189683	0.031250	-0.480005	0.126953	-0.326657	0.077148	0.001046	0.001046	0.125076	0.125076	0.000814	0.000814	-0.000700	-0.000700	-0.000397	-0.000397	-0.329211	-0.329211	0.000934	0.000249	
-1	-1	-1	1	
0.372070	0.000768	0.178711	0.000597	0.228516	-0.001876	0.215820	-0.001573	0.048828	0.003531	0.215820	0.001624	0.164062	-0.003169	0.208008	-0.001067	0.067383	0.289551	0.215820	0.171876	0.055664	-0.467398	0.151367	-0.328072	0.101562	0.001118	0.001118	0.101398	0.101398	0.000768	0.000768	-0.000611	-0.000611	-0.000325	-0.000325	-0.329240	-0.329240	0.000982	0.000270	
-1	-1	-1	1	
0.387695	0.001009	0.155273	0.000725	0.205078	-0.001643	0.188477	-0.001476	0.025391	0.003407	0.191406	0.001221	0.132812	-0.002997	0.184570	-0.000892	0.043945	0.294215	0.191406	0.170416	0.384766	-0.480243	0.130859	-0.338935	0.081055	0.001190	0.001190	0.128888	0.128888	0.001009	0.001009	-0.000742	-0.000742	-0.000505	-0.000505	-0.312870	-0.312870	0.000972	0.000267	
-1	-1	-1	1	
0.330078	0.000872	0.123047	0.000588	0.026367	-0.001466	0.104492	-0.001252	0.160156	0.003100	0.160156	0.001423	0.108398	-0.003126	0.152344	-0.000806	0.007812	0.269977	0.159180	0.153786	0.000000	-0.461521	0.095703	-0.295954	0.044922	0.001270	0.001270	0.125504	0.125504	0.000872	0.000872	-0.000583	-0.000583	-0.000523	-0.000523	-0.292877	-0.292877	0.000884	0.000244	
-1	-1	-1	1	
0.328125	0.000858	0.148438	0.000556	0.051758	-0.001528	0.178711	-0.001394	0.010742	0.003601	0.181641	0.001520	0.129883	-0.003159	0.174805	-0.000801	0.033203	0.302849	0.180664	0.169871	0.021484	-0.461148	0.115234	-0.260877	0.065430	0.001254	0.001254	0.122585	0.122585	0.000858	0.000858	-0.000767	-0.000767	-0.000340	-0.000340	-0.288875	-0.288875	0.001051	0.000283	
-1	-1	-1	1	
0.399414	0.000967	0.168945	0.000606	0.080078	-0.001631	0.150391	-0.001565	0.202148	0.003096	0.172852	0.000789	0.222656	-0.002771	0.195312	-0.001017	0.379883	0.295607	0.203125	0.189138	0.398438	-0.468092	0.139648	-0.282990	0.088867	0.001194	0.001194	0.123777	0.123777	0.000967	0.000967	-0.000737	-0.000737	-0.000399	-0.000399	-0.294363	-0.294363	0.000993	0.000268	
-1	-1	-1	1	
0.295898	0.000841	0.125000	0.000559	0.025391	-0.001465	0.102539	-0.001412	0.154297	0.002848	0.125000	0.000779	0.174805	-0.002063	0.150391	-0.001051	0.009766	0.254957	0.157227	0.196768	0.000977	-0.467660	0.095703	-0.310974	0.044922	0.001267	0.001267	0.111496	0.111496	0.000841	0.000841	-0.000582	-0.000582	-0.000377	-0.000377	-0.303088	-0.303088	0.001064	0.000263	
-1	-1	-1	1	
0.392578	0.000799	0.172852	0.000579	0.222656	-0.001658	0.384766	-0.001623	0.040039	0.003044	0.172852	0.000754	0.232422	-0.002464	0.199219	-0.001096	0.058594	0.277443	0.207031	0.201745	0.046875	-0.479968	0.144531	-0.317680	0.094727	0.001258	0.001258	0.120424	0.120424	0.000799	0.000799	-0.000685	-0.000685	-0.000355	-0.000355	-0.321922	-0.321922	0.000991	0.000274	
-1	-1	-1	1	
0.344727	0.001025	0.122070	0.000550	0.036133	-0.001610	0.106445	-0.001598	0.336914	0.004051	0.159180	0.001408	0.106445	-0.003760	0.151367	-0.000917	0.325195	0.312475	0.158203	0.202222	0.342773	-0.461655	0.095703	-0.323551	0.045898	0.001532	0.001532	0.128833	0.128833	0.001025	0.001025	-0.000725	-0.000725	-0.000499	-0.000499	-0.313767	-0.313767	0.001082	0.000271	
-1	-1	-1	1	
0.302734	0.000833	0.125977	0.000533	0.036133	-0.001653	0.155273	-0.001390	0.000000	0.003751	0.155273	0.001574	0.102539	-0.003278	0.147461	-0.001137	0.010742	0.315307	0.156250	0.216929	0.000000	-0.471579	0.095703	-0.311243	0.045898	0.001497	0.001497	0.109348	0.109348	0.000833	0.000833	-0.000632	-0.000632	-0.000505	-0.000505	-0.313736	-0.313736	0.001083	0.000274	
-1	-1	-1	1	
0.302734	0.000965	0.156250	0.000748	0.206055	-0.001993	0.193359	-0.001575	0.137695	0.004725	0.193359	0.001555	0.141602	-0.004007	0.185547	-0.000986	0.044922	0.345064	0.193359	0.213427	0.033203	-0.482800	0.125000	-0.270950	0.075195	0.000837	0.000837	0.142395	0.142395	0.000965	0.000965	-0.000825	-0.000825	-0.000389	-0.000389	-0.341764	-0.341764	0.001090	0.000267	
-1	-1	-1	1	
