217	27	20
0.622070	0.000323	0.037109	0.000092	0.200195	-0.000262	0.581055	-0.000233	0.245117	0.000282	0.204102	0.000225	0.081055	-0.000906	0.245117	-0.000457	0.026367	0.062397	0.607422	0.057018	0.264648	-0.183323	0.095703	-0.166142	0.145508	0.000194	0.000053	
1	-1	-1	-1	-1	
0.646484	0.000328	0.044922	0.000072	0.328125	-0.000231	0.269531	-0.000170	0.180664	0.000228	0.206055	0.000214	0.092773	-0.001108	0.265625	-0.000452	0.037109	0.066659	0.284180	0.057212	0.011719	-0.183710	0.096680	-0.168779	0.150391	0.000212	0.000050	
1	-1	-1	-1	-1	
0.712891	0.000377	0.063477	0.000165	0.113281	-0.000352	0.307617	-0.000250	0.681641	0.000239	0.710938	0.000222	0.159180	-0.001535	0.303711	-0.000512	0.074219	0.063634	0.292969	0.056973	0.682617	-0.187212	0.161133	-0.175247	0.210938	0.000216	0.000046	
1	-1	-1	-1	-1	
0.680664	0.000452	0.031250	0.000072	0.309570	-0.000289	0.651367	-0.000246	0.268555	0.000269	0.001953	0.000238	0.086914	-0.001191	0.264648	-0.000527	0.024414	0.063160	0.655273	0.056496	0.001953	-0.180969	0.095703	-0.164309	0.145508	0.000223	0.000044	
1	-1	-1	-1	-1	
0.639648	0.000399	0.018555	0.000132	0.068359	-0.000298	0.253906	-0.000155	0.166016	0.000277	0.003906	0.000268	0.091797	-0.001342	0.257812	-0.000501	0.026367	0.057899	0.246094	0.052759	0.000000	-0.174082	0.095703	-0.166139	0.145508	0.000246	0.000046	
1	-1	-1	-1	-1	
0.666016	0.000411	0.067383	0.000156	0.117188	-0.000289	0.291992	-0.000252	0.210938	0.000315	0.048828	0.000280	0.248047	-0.001010	0.291992	-0.000416	0.075195	0.075140	0.307617	0.055560	0.665039	-0.190816	0.198242	-0.171057	0.148438	0.000228	0.000050	
1	-1	-1	-1	-1	
0.438477	0.000468	0.032227	0.000217	0.151367	-0.000580	0.192383	-0.000493	0.132812	0.001041	0.203125	0.000962	0.151367	-0.001766	0.191406	-0.000595	0.017578	0.127586	0.204102	0.058877	0.000000	-0.285564	0.107422	-0.228433	0.057617	0.000389	0.000095	
1	-1	-1	-1	-1	
0.497070	0.000477	0.086914	0.000279	0.205078	-0.000634	0.028320	-0.000590	0.182617	0.001228	0.253906	0.001006	0.201172	-0.002107	0.242188	-0.000575	0.072266	0.130358	0.250977	0.075059	0.049805	-0.309644	0.175781	-0.267623	0.125000	0.000436	0.000096	
1	-1	-1	-1	-1	
0.529297	0.000445	0.075195	0.000321	0.519531	-0.000750	0.218750	-0.000701	0.489258	0.001344	0.185547	0.000902	0.235352	-0.001869	0.218750	-0.000554	0.051758	0.125336	0.231445	0.083732	0.510742	-0.307349	0.142578	-0.239728	0.092773	0.000483	0.000105	
1	-1	-1	-1	-1	
0.483398	0.000491	0.007812	0.000321	0.471680	-0.000669	0.437500	-0.000639	0.108398	0.001113	0.133789	0.001051	0.186523	-0.001917	0.174805	-0.000604	0.007812	0.112923	0.185547	0.085177	0.461914	-0.310881	0.095703	-0.248251	0.045898	0.000467	0.000091	
1	-1	-1	-1	-1	
0.478516	0.000491	0.009766	0.000345	0.469727	-0.000652	0.114258	-0.000643	0.435547	0.001320	0.131836	0.001110	0.181641	-0.002153	0.168945	-0.000609	0.001953	0.118049	0.179688	0.080379	0.456055	-0.311074	0.095703	-0.252513	0.045898	0.000450	0.000093	
1	-1	-1	-1	-1	
0.495117	0.000476	0.024414	0.000449	0.494141	-0.000702	0.171875	-0.000669	0.438477	0.001180	0.182617	0.001130	0.130859	-0.002212	0.171875	-0.000628	0.004883	0.139671	0.180664	0.076368	0.462891	-0.308407	0.096680	-0.245703	0.046875	0.000446	0.000084	
1	-1	-1	-1	-1	
0.464844	0.000495	0.006836	0.000147	0.125000	-0.000538	0.460938	-0.000535	0.098633	0.000993	0.125000	0.000929	0.180664	-0.002043	0.168945	-0.000474	0.000000	0.124126	0.177734	0.070065	0.456055	-0.293091	0.103516	-0.262440	0.053711	0.000415	0.000073	
1	-1	-1	-1	-1	
0.461914	0.000466	0.055664	0.000302	0.176758	-0.000739	0.210938	-0.000577	0.155273	0.001193	0.176758	0.000766	0.226562	-0.001817	0.209961	-0.000604	0.040039	0.136822	0.220703	0.068306	0.000000	-0.304208	0.147461	-0.262261	0.096680	0.000410	0.000085	
1	-1	-1	-1	-1	
0.502930	0.000445	0.078125	0.000261	0.204102	-0.000600	0.022461	-0.000554	0.185547	0.001105	0.204102	0.000759	0.253906	-0.001745	0.241211	-0.000647	0.070312	0.106364	0.252930	0.077441	0.042969	-0.292823	0.170898	-0.251428	0.121094	0.000401	0.000077	
1	-1	-1	-1	-1	
0.408203	0.000608	0.023438	0.000405	0.130859	-0.001063	0.112305	-0.000839	0.385742	0.001962	0.130859	0.000544	0.197266	-0.002143	0.164062	-0.000570	0.008789	0.154588	0.173828	0.096220	0.407227	-0.401494	0.095703	-0.281078	0.044922	0.000651	0.000153	
1	-1	-1	-1	-1	
0.414062	0.000581	0.034180	0.000537	0.137695	-0.001143	0.119141	-0.000888	0.393555	0.002012	0.137695	0.000484	0.204102	-0.002084	0.166992	-0.000605	0.014648	0.170636	0.177734	0.104549	0.000977	-0.400049	0.102539	-0.273284	0.052734	0.000688	0.000153	
1	-1	-1	-1	-1	
0.427734	0.000625	0.035156	0.000485	0.138672	-0.001127	0.120117	-0.000837	0.400391	0.002177	0.138672	0.000502	0.188477	-0.002879	0.171875	-0.000563	0.020508	0.157046	0.180664	0.101837	0.002930	-0.395042	0.109375	-0.291240	0.059570	0.000663	0.000163	
1	-1	-1	-1	-1	
0.400391	0.000572	0.024414	0.000421	0.131836	-0.001091	0.157227	-0.000931	0.375977	0.001898	0.127930	0.000375	0.000000	-0.002066	0.157227	-0.000669	0.009766	0.170666	0.166016	0.114965	0.397461	-0.387874	0.095703	-0.275415	0.045898	0.000675	0.000156	
1	-1	-1	-1	-1	
0.372070	0.000584	0.027344	0.000513	0.130859	-0.001091	0.112305	-0.000982	0.162109	0.002274	0.130859	0.000460	0.190430	-0.002916	0.161133	-0.000622	0.012695	0.204879	0.168945	0.107709	0.000000	-0.399736	0.101562	-0.290704	0.050781	0.000640	0.000164	
1	-1	-1	-1	-1	
0.431641	0.000591	0.059570	0.000398	0.163086	-0.001182	0.144531	-0.000940	0.007812	0.002219	0.162109	0.000579	0.225586	-0.002487	0.192383	-0.000631	0.043945	0.201169	0.201172	0.111642	0.029297	-0.416827	0.130859	-0.279155	0.081055	0.000719	0.000173	
1	-1	-1	-1	-1	
0.399414	0.000574	0.035156	0.000567	0.138672	-0.001168	0.120117	-0.000992	0.390625	0.002173	0.138672	0.000599	0.188477	-0.002845	0.171875	-0.000683	0.019531	0.177073	0.180664	0.112253	0.006836	-0.407499	0.104492	-0.270870	0.053711	0.000707	0.000178	
1	-1	-1	-1	-1	
0.404297	0.000733	0.134766	0.000606	0.031250	-0.001430	0.116211	-0.001079	0.166016	0.002491	0.134766	0.000446	0.190430	-0.001910	0.164062	-0.000665	0.016602	0.207323	0.170898	0.125635	0.003906	-0.429105	0.103516	-0.279647	0.053711	0.000768	0.000170	
1	-1	-1	-1	-1	
0.372070	0.000574	0.026367	0.000527	0.129883	-0.001169	0.159180	-0.000994	0.107422	0.002281	0.129883	0.000415	0.189453	-0.002550	0.159180	-0.000605	0.007812	0.203330	0.166016	0.079665	0.370117	-0.405740	0.095703	-0.277069	0.045898	0.000701	0.000167	
1	-1	-1	-1	-1	
0.402344	0.000613	0.061523	0.000496	0.168945	-0.001031	0.146484	-0.000883	0.009766	0.002027	0.165039	0.000559	0.214844	-0.002379	0.198242	-0.000627	0.049805	0.173378	0.207031	0.095117	0.032227	-0.396949	0.130859	-0.271242	0.081055	0.000674	0.000170	
1	-1	-1	-1	-1	
0.431641	0.000555	0.070312	0.000455	0.173828	-0.001088	0.155273	-0.000894	0.426758	0.002089	0.173828	0.000742	0.223633	-0.002315	0.207031	-0.000627	0.055664	0.152055	0.216797	0.100795	0.039062	-0.405040	0.141602	-0.274253	0.090820	0.000666	0.000174	
1	-1	-1	-1	-1	
0.343750	0.000712	0.130859	0.000490	0.045898	-0.001542	0.341797	-0.001435	0.164062	0.003176	0.166992	0.001452	0.115234	-0.002733	0.156250	-0.001045	0.019531	0.263390	0.163086	0.155104	0.005859	-0.438186	0.095703	-0.305864	0.045898	0.000936	0.000259	
1	-1	-1	-1	-1	
0.349609	0.000893	0.130859	0.000574	0.031250	-0.001791	0.164062	-0.001578	0.345703	0.003401	0.164062	0.001247	0.112305	-0.002999	0.156250	-0.000920	0.016602	0.314978	0.165039	0.182224	0.005859	-0.469970	0.095703	-0.289815	0.045898	0.000991	0.000266	
1	-1	-1	-1	-1	
0.355469	0.000941	0.128906	0.000580	0.033203	-0.002268	0.166016	-0.001523	0.000000	0.003867	0.169922	0.001523	0.118164	-0.002892	0.162109	-0.000874	0.336914	0.271556	0.168945	0.182418	0.005859	-0.484141	0.095703	-0.291439	0.044922	0.001051	0.000264	
1	-1	-1	-1	-1	
0.345703	0.000885	0.125000	0.000574	0.174805	-0.001661	0.162109	-0.001368	0.111328	0.003866	0.162109	0.001537	0.103516	-0.003622	0.155273	-0.000903	0.333008	0.280765	0.163086	0.173328	0.003906	-0.490131	0.095703	-0.298190	0.045898	0.000929	0.000267	
1	-1	-1	-1	-1	
0.328125	0.000866	0.131836	0.000571	0.045898	-0.001486	0.116211	-0.001445	0.168945	0.003487	0.171875	0.001816	0.120117	-0.002787	0.161133	-0.000950	0.016602	0.296456	0.168945	0.182611	0.005859	-0.478300	0.109375	-0.344145	0.059570	0.001003	0.000283	
1	-1	-1	-1	-1	
0.322266	0.000813	0.155273	0.000597	0.059570	-0.001600	0.025391	-0.001377	0.188477	0.003229	0.192383	0.001652	0.140625	-0.002788	0.185547	-0.001014	0.040039	0.255970	0.190430	0.189719	0.031250	-0.479969	0.126953	-0.326621	0.077148	0.000934	0.000249	
1	-1	-1	-1	-1	
0.372070	0.000768	0.178711	0.000597	0.228516	-0.001876	0.215820	-0.001574	0.048828	0.003531	0.215820	0.001624	0.164062	-0.003169	0.208008	-0.001066	0.067383	0.289587	0.215820	0.171912	0.055664	-0.467363	0.151367	-0.328037	0.101562	0.000982	0.000269	
1	-1	-1	-1	-1	
0.387695	0.001008	0.155273	0.000724	0.205078	-0.001643	0.188477	-0.001476	0.025391	0.003407	0.191406	0.001221	0.132812	-0.002997	0.184570	-0.000892	0.043945	0.294251	0.191406	0.170452	0.384766	-0.480207	0.130859	-0.338900	0.081055	0.000972	0.000266	
1	-1	-1	-1	-1	
0.330078	0.000872	0.123047	0.000587	0.026367	-0.001467	0.104492	-0.001253	0.160156	0.003100	0.160156	0.001423	0.108398	-0.003126	0.152344	-0.000806	0.007812	0.270010	0.159180	0.153822	0.000000	-0.461488	0.095703	-0.295921	0.044922	0.000884	0.000244	
1	-1	-1	-1	-1	
0.328125	0.000857	0.148438	0.000555	0.051758	-0.001528	0.178711	-0.001395	0.010742	0.003601	0.181641	0.001520	0.129883	-0.003159	0.174805	-0.000801	0.033203	0.302882	0.180664	0.169904	0.021484	-0.461116	0.115234	-0.260844	0.065430	0.001052	0.000283	
1	-1	-1	-1	-1	
0.399414	0.000967	0.168945	0.000605	0.080078	-0.001631	0.150391	-0.001566	0.202148	0.003096	0.172852	0.000789	0.222656	-0.002771	0.195312	-0.001017	0.379883	0.295640	0.203125	0.189171	0.398438	-0.468060	0.139648	-0.282957	0.088867	0.000994	0.000268	
1	-1	-1	-1	-1	
0.295898	0.000840	0.125000	0.000559	0.025391	-0.001465	0.102539	-0.001412	0.154297	0.002848	0.125000	0.000779	0.174805	-0.002063	0.150391	-0.001051	0.009766	0.254990	0.157227	0.196801	0.000977	-0.467627	0.095703	-0.310942	0.044922	0.001035	0.000255	
1	-1	-1	-1	-1	
0.392578	0.000798	0.172852	0.000579	0.222656	-0.001658	0.384766	-0.001624	0.040039	0.003044	0.172852	0.000754	0.232422	-0.002464	0.199219	-0.001096	0.058594	0.277475	0.207031	0.201777	0.046875	-0.479936	0.144531	-0.317647	0.094727	0.000991	0.000274	
1	-1	-1	-1	-1	
0.344727	0.001024	0.122070	0.000550	0.036133	-0.001611	0.106445	-0.001598	0.336914	0.004051	0.159180	0.001408	0.106445	-0.003760	0.151367	-0.000917	0.325195	0.312508	0.158203	0.202254	0.342773	-0.461622	0.095703	-0.323518	0.045898	0.001082	0.000270	
1	-1	-1	-1	-1	
0.548828	0.001849	0.462891	0.001015	0.164062	-0.003636	0.452148	-0.002087	0.152344	0.002221	0.407227	0.002149	0.108398	-0.001039	0.281250	-0.000662	0.547852	0.246112	0.456055	0.206609	0.163086	-0.456120	0.385742	-0.445317	0.086914	0.001185	0.000398	
-1	1	-1	-1	-1	
0.328125	0.001592	0.207031	0.000844	0.088867	-0.003223	0.196289	-0.000956	0.262695	0.002292	0.155273	0.001348	0.209961	-0.001067	0.028320	-0.001016	0.322266	0.249971	0.199219	0.143860	0.029297	-0.476505	0.130859	-0.184919	0.081055	0.001258	0.000376	
-1	1	-1	-1	-1	
0.290039	0.001650	0.168945	0.000760	0.049805	-0.004882	0.157227	-0.000966	0.227539	0.002393	0.112305	0.002167	0.171875	-0.001029	0.283203	-0.000980	0.000000	0.276644	0.161133	0.131030	0.000977	-0.502105	0.095703	-0.233795	0.045898	0.001530	0.000398	
-1	1	-1	-1	-1	
0.262695	0.001460	0.174805	0.000821	0.052734	-0.003897	0.164062	-0.000833	0.231445	0.002275	0.119141	0.001825	0.178711	-0.001010	0.000000	-0.000552	0.252930	0.254188	0.166992	0.125457	0.000000	-0.462811	0.095703	-0.177051	0.045898	0.001369	0.000391	
-1	1	-1	-1	-1	
0.291992	0.001443	0.208984	0.000943	0.086914	-0.002877	0.194336	-0.000993	0.256836	0.002316	0.149414	0.001474	0.208984	-0.000958	0.027344	-0.000643	0.279297	0.248392	0.207031	0.139450	0.031250	-0.475626	0.126953	-0.185515	0.077148	0.001267	0.000385	
-1	1	-1	-1	-1	
0.322266	0.001767	0.206055	0.000932	0.080078	-0.003405	0.195312	-0.000928	0.257812	0.002444	0.150391	0.001951	0.206055	-0.000974	0.309570	-0.000961	0.032227	0.251894	0.197266	0.145037	0.319336	-0.494580	0.129883	-0.186066	0.079102	0.001542	0.000396	
-1	1	-1	-1	-1	
0.244141	0.001549	0.173828	0.000978	0.050781	-0.004384	0.162109	-0.001022	0.225586	0.002395	0.114258	0.001795	0.176758	-0.000812	0.000000	-0.000560	0.240234	0.263755	0.165039	0.143994	0.000000	-0.509839	0.095703	-0.187154	0.044922	0.001379	0.000417	
-1	1	-1	-1	-1	
0.297852	0.001768	0.214844	0.000956	0.096680	-0.004220	0.203125	-0.001135	0.266602	0.002432	0.159180	0.002391	0.218750	-0.001000	0.040039	-0.000666	0.289062	0.264053	0.207031	0.153367	0.046875	-0.500824	0.137695	-0.171329	0.086914	0.001347	0.000408	
-1	1	-1	-1	-1	
0.327148	0.001880	0.209961	0.000993	0.087891	-0.003665	0.198242	-0.001216	0.261719	0.002491	0.191406	0.000679	0.138672	-0.000981	0.325195	-0.000945	0.020508	0.251342	0.201172	0.168462	0.326172	-0.491853	0.133789	-0.205110	0.083008	0.001383	0.000363	
-1	1	-1	-1	-1	
0.292969	0.001535	0.171875	0.001013	0.049805	-0.003550	0.161133	-0.000929	0.223633	0.002557	0.116211	0.001886	0.175781	-0.000981	0.000000	-0.000971	0.287109	0.260586	0.166016	0.168462	0.000000	-0.503784	0.095703	-0.209218	0.045898	0.001363	0.000399	
-1	1	-1	-1	-1	
0.287109	0.001801	0.167969	0.000947	0.049805	-0.003829	0.153320	-0.000993	0.219727	0.002359	0.134766	0.000583	0.211914	-0.000937	0.286133	-0.000918	0.000000	0.286692	0.159180	0.173980	0.286133	-0.515228	0.095703	-0.219262	0.045898	0.001524	0.000429	
-1	1	-1	-1	-1	
0.264648	0.001585	0.176758	0.001017	0.050781	-0.004028	0.166016	-0.000985	0.228516	0.002377	0.117188	0.001552	0.176758	-0.000937	0.000000	-0.000596	0.250977	0.257725	0.168945	0.173980	0.000000	-0.509924	0.095703	-0.179192	0.044922	0.001479	0.000427	
-1	1	-1	-1	-1	
0.297852	0.001922	0.202148	0.001314	0.083984	-0.003530	0.187500	-0.001038	0.253906	0.002622	0.150391	0.001250	0.202148	-0.000929	0.016602	-0.000614	0.272461	0.284353	0.193359	0.178331	0.029297	-0.502905	0.126953	-0.200456	0.077148	0.001531	0.000422	
-1	1	-1	-1	-1	
0.282227	0.001450	0.192383	0.001146	0.071289	-0.005407	0.181641	-0.000883	0.245117	0.002588	0.133789	0.002481	0.192383	-0.000893	0.018555	-0.000578	0.266602	0.285515	0.191406	0.164473	0.021484	-0.524169	0.113281	-0.176644	0.063477	0.001651	0.000432	
-1	1	-1	-1	-1	
0.317383	0.001408	0.204102	0.001103	0.081055	-0.004122	0.188477	-0.001004	0.251953	0.002399	0.148438	0.001279	0.203125	-0.000941	0.314453	-0.000921	0.025391	0.257546	0.193359	0.175858	0.315430	-0.491461	0.126953	-0.209501	0.077148	0.001465	0.000407	
-1	1	-1	-1	-1	
0.295898	0.001619	0.175781	0.001164	0.057617	-0.004030	0.165039	-0.000947	0.227539	0.002491	0.120117	0.001793	0.179688	-0.000955	0.000977	-0.000900	0.279297	0.263059	0.169922	0.180641	0.291992	-0.492176	0.095703	-0.127143	0.045898	0.001347	0.000445	
-1	1	-1	-1	-1	
0.435547	0.002706	0.338867	0.002212	0.058594	-0.004762	0.328125	-0.003566	0.051758	0.003774	0.287109	0.003373	0.006836	-0.001095	0.118164	-0.001003	0.167969	0.301735	0.332031	0.276702	0.053711	-0.585554	0.260742	-0.501512	0.000000	0.002117	0.000581	
-1	1	-1	-1	-1	
0.267578	0.002458	0.183594	0.001700	0.061523	-0.005374	0.171875	-0.001343	0.221680	0.003163	0.131836	0.002064	0.183594	-0.000911	0.006836	-0.000809	0.239258	0.305118	0.174805	0.214549	0.003906	-0.580935	0.095703	-0.178916	0.145508	0.002150	0.000585	
-1	1	-1	-1	-1	
0.285156	0.002313	0.198242	0.001785	0.075195	-0.005515	0.186523	-0.001718	0.238281	0.003066	0.141602	0.002642	0.197266	-0.001044	0.256836	-0.000955	0.015625	0.298398	0.197266	0.189470	0.023438	-0.566332	0.111328	-0.150843	0.257812	0.002046	0.000577	
-1	1	-1	-1	-1	
0.260742	0.002249	0.190430	0.001670	0.075195	-0.004425	0.182617	-0.001331	0.234375	0.003479	0.138672	0.001898	0.194336	-0.000937	0.012695	-0.000928	0.252930	0.307130	0.186523	0.224547	0.011719	-0.582231	0.095703	-0.392390	0.145508	0.002037	0.000598	
-1	1	-1	-1	-1	
0.293945	0.001976	0.214844	0.001719	0.092773	-0.006144	0.208008	-0.001372	0.257812	0.003167	0.163086	0.001968	0.218750	-0.001018	0.273438	-0.000895	0.037109	0.312569	0.209961	0.187667	0.039062	-0.566466	0.123047	-0.286547	0.172852	0.001982	0.000550	
-1	1	-1	-1	-1	
0.302734	0.002114	0.205078	0.001758	0.083984	-0.005051	0.198242	-0.001531	0.248047	0.003345	0.150391	0.002450	0.208984	-0.001020	0.264648	-0.000912	0.028320	0.304597	0.198242	0.220748	0.025391	-0.572665	0.115234	-0.197588	0.165039	0.002039	0.000581	
-1	1	-1	-1	-1	
0.295898	0.002266	0.183594	0.001780	0.054688	-0.006042	0.172852	-0.001596	0.224609	0.003464	0.131836	0.001894	0.183594	-0.001060	0.239258	-0.000948	0.289062	0.306787	0.175781	0.234323	0.283203	-0.574512	0.095703	-0.166638	0.145508	0.002060	0.000557	
-1	1	-1	-1	-1	
0.234375	0.002602	0.169922	0.001793	0.050781	-0.004518	0.155273	-0.001661	0.214844	0.003465	0.114258	0.001852	0.169922	-0.001152	0.225586	-0.000771	0.021484	0.329869	0.160156	0.205087	0.000000	-0.585554	0.073242	-0.363214	0.123047	0.001968	0.000565	
-1	1	-1	-1	-1	
0.327148	0.002489	0.208984	0.001772	0.094727	-0.005469	0.202148	-0.001617	0.253906	0.003369	0.161133	0.001897	0.212891	-0.001153	0.317383	-0.000918	0.265625	0.329854	0.205078	0.237124	0.037109	-0.585554	0.119141	-0.352530	0.168945	0.002231	0.000638	
-1	1	-1	-1	-1	
0.280273	0.001981	0.165039	0.001947	0.045898	-0.006607	0.157227	-0.001395	0.207031	0.003809	0.112305	0.002015	0.164062	-0.001022	0.264648	-0.000898	0.000000	0.340642	0.162109	0.226597	0.265625	-0.585554	0.066406	-0.444172	0.116211	0.002286	0.000605	
-1	1	-1	-1	-1	
0.273438	0.002122	0.168945	0.001984	0.042969	-0.005403	0.154297	-0.001552	0.206055	0.003787	0.110352	0.001763	0.160156	-0.000970	0.220703	-0.000832	0.270508	0.364165	0.157227	0.222410	0.267578	-0.590463	0.063477	-0.444894	0.113281	0.002085	0.000556	
-1	1	-1	-1	-1	
0.236328	0.002640	0.172852	0.001924	0.054688	-0.005861	0.162109	-0.001587	0.213867	0.003538	0.121094	0.001773	0.172852	-0.000820	0.228516	-0.000806	0.000000	0.332559	0.165039	0.219668	0.000000	-0.590463	0.075195	-0.439634	0.125000	0.002117	0.000596	
-1	1	-1	-1	-1	
0.297852	0.002650	0.222656	0.001977	0.096680	-0.004335	0.211914	-0.001494	0.261719	0.003678	0.163086	0.002429	0.222656	-0.000948	0.277344	-0.000915	0.022461	0.338639	0.211914	0.248383	0.039062	-0.590463	0.113281	-0.464891	0.163086	0.002112	0.000618	
-1	1	-1	-1	-1	
0.291016	0.002296	0.202148	0.001911	0.083984	-0.005938	0.191406	-0.001564	0.241211	0.003326	0.150391	0.001456	0.202148	-0.000988	0.257812	-0.000841	0.020508	0.322650	0.193359	0.224675	0.022461	-0.586917	0.121094	-0.178550	0.071289	0.002088	0.000585	
-1	1	-1	-1	-1	
0.263672	0.002170	0.195312	0.001747	0.074219	-0.006896	0.184570	-0.001331	0.234375	0.003267	0.139648	0.002147	0.195312	-0.001103	0.247070	-0.000934	0.010742	0.312264	0.185547	0.210429	0.009766	-0.576099	0.095703	-0.352462	0.145508	0.002347	0.000581	
-1	1	-1	-1	-1	
0.313477	0.002182	0.212891	0.001891	0.094727	-0.005738	0.202148	-0.001548	0.253906	0.003493	0.157227	0.001403	0.207031	-0.001143	0.268555	-0.000947	0.031250	0.350351	0.205078	0.221352	0.312500	-0.590463	0.126953	-0.163947	0.270508	0.002135	0.000560	
-1	1	-1	-1	-1	
0.291016	0.002485	0.176758	0.002025	0.062500	-0.005218	0.166016	-0.001680	0.217773	0.003746	0.125000	0.001668	0.180664	-0.001054	0.232422	-0.000800	0.282227	0.306736	0.168945	0.255848	0.278320	-0.590463	0.079102	-0.415628	0.128906	0.002083	0.000637	
-1	1	-1	-1	-1	
0.230469	0.002888	0.160156	0.002150	0.044922	-0.004932	0.153320	-0.001802	0.203125	0.004221	0.112305	0.002108	0.164062	-0.001105	0.215820	-0.000679	0.015625	0.339935	0.153320	0.224988	0.000000	-0.590463	0.061523	-0.476842	0.111328	0.002231	0.000632	
-1	1	-1	-1	-1	
0.411133	0.005997	0.043945	0.003750	0.301758	-0.009607	0.036133	-0.005130	0.297852	0.006506	0.002930	0.005746	0.253906	-0.001204	0.195312	-0.001177	0.375977	0.340560	0.036133	0.340157	0.296875	-0.635288	0.000000	-0.635288	0.199219	0.003945	0.001006	
-1	1	-1	-1	-1	
0.246094	0.003710	0.040039	0.003381	0.143555	-0.005025	0.135742	-0.002057	0.187500	0.006104	0.101562	0.002292	0.198242	-0.001688	0.191406	-0.001391	0.042969	0.340560	0.230469	0.339844	0.135742	-0.635288	0.043945	-0.635288	0.093750	0.003134	0.000904	
-1	1	-1	-1	-1	
0.238281	0.003999	0.141602	0.003609	0.041016	-0.004999	0.133789	-0.002606	0.185547	0.006815	0.100586	0.002526	0.201172	-0.001790	0.193359	-0.001605	0.137695	0.339919	0.131836	0.338518	0.228516	-0.635288	0.045898	-0.635288	0.095703	0.002950	0.000919	
-1	1	-1	-1	-1	
0.235352	0.004624	0.136719	0.003718	0.037109	-0.006291	0.133789	-0.002411	0.185547	0.006573	0.099609	0.002657	0.195312	-0.001511	0.184570	-0.001494	0.043945	0.340545	0.131836	0.330039	0.225586	-0.635288	0.045898	-0.635288	0.095703	0.003237	0.000963	
-1	1	-1	-1	-1	
0.238281	0.004426	0.138672	0.003660	0.039062	-0.007696	0.130859	-0.002715	0.182617	0.006363	0.101562	0.002646	0.197266	-0.001826	0.186523	-0.001469	0.041992	0.340545	0.131836	0.300699	0.225586	-0.635288	0.045898	-0.635288	0.095703	0.003328	0.001000	
-1	1	-1	-1	-1	
0.236328	0.004854	0.137695	0.003561	0.037109	-0.009135	0.129883	-0.002332	0.185547	0.006487	0.099609	0.002559	0.196289	-0.001836	0.185547	-0.001419	0.007812	0.340560	0.129883	0.329652	0.223633	-0.635288	0.043945	-0.635288	0.093750	0.003699	0.001027	
-1	1	-1	-1	-1	
0.242188	0.003925	0.141602	0.003705	0.041992	-0.005591	0.134766	-0.002011	0.190430	0.006372	0.100586	0.002267	0.201172	-0.001597	0.193359	-0.001423	0.044922	0.340560	0.137695	0.274130	0.227539	-0.635288	0.044922	-0.635288	0.094727	0.003368	0.001041	
-1	1	-1	-1	-1	
0.239258	0.003767	0.144531	0.003260	0.041016	-0.005861	0.136719	-0.002427	0.186523	0.006146	0.103516	0.002417	0.200195	-0.001719	0.192383	-0.001256	0.033203	0.340560	0.135742	0.301221	0.225586	-0.635288	0.047852	-0.634751	0.097656	0.003257	0.001044	
-1	1	-1	-1	-1	
0.248047	0.004641	0.142578	0.003411	0.039062	-0.007115	0.134766	-0.001876	0.001953	0.006058	0.101562	0.002225	0.202148	-0.001344	0.012695	-0.001192	0.194336	0.340560	0.137695	0.308075	0.234375	-0.635288	0.045898	-0.635288	0.095703	0.003665	0.001056	
-1	1	-1	-1	-1	
0.247070	0.003789	0.150391	0.003534	0.042969	-0.009626	0.142578	-0.002172	0.192383	0.007465	0.142578	0.002340	0.090820	-0.001472	0.195312	-0.001229	0.005859	0.339025	0.142578	0.262656	0.228516	-0.635288	0.046875	-0.635288	0.096680	0.004002	0.000963	
-1	1	-1	-1	-1	
0.248047	0.003626	0.140625	0.003172	0.033203	-0.007641	0.132812	-0.002038	0.188477	0.005897	0.103516	0.002127	0.204102	-0.001512	0.188477	-0.001309	0.014648	0.340560	0.137695	0.295499	0.233398	-0.635288	0.046875	-0.635288	0.096680	0.003477	0.001000	
-1	1	-1	-1	-1	
0.249023	0.003593	0.144531	0.003458	0.041016	-0.008352	0.137695	-0.001506	0.233398	0.005989	0.103516	0.001756	0.203125	-0.001281	0.195312	-0.001145	0.043945	0.339206	0.139648	0.268544	0.233398	-0.635288	0.047852	-0.635198	0.097656	0.003568	0.000957	
-1	1	-1	-1	-1	
0.253906	0.004012	0.151367	0.003284	0.043945	-0.006597	0.143555	-0.002030	0.240234	0.005554	0.106445	0.001853	0.209961	-0.001185	0.202148	-0.001130	0.006836	0.339206	0.145508	0.281494	0.241211	-0.636641	0.047852	-0.636016	0.097656	0.003448	0.000965	
-1	1	-1	-1	-1	
0.253906	0.003909	0.152344	0.003491	0.041016	-0.007927	0.145508	-0.001711	0.000977	0.005818	0.104492	0.002044	0.211914	-0.001258	0.201172	-0.001196	0.011719	0.339206	0.147461	0.325854	0.240234	-0.636641	0.047852	-0.635420	0.097656	0.003835	0.000977	
-1	1	-1	-1	-1	
0.245117	0.003931	0.150391	0.003522	0.042969	-0.004953	0.142578	-0.002410	0.198242	0.006994	0.106445	0.002014	0.156250	-0.001668	0.198242	-0.001165	0.036133	0.338982	0.141602	0.322934	0.233398	-0.636641	0.049805	-0.617210	0.099609	0.003020	0.000913	
-1	1	-1	-1	-1	
0.248047	0.003621	0.138672	0.003546	0.039062	-0.007714	0.131836	-0.002011	0.228516	0.006825	0.102539	0.002326	0.202148	-0.001502	0.042969	-0.001279	0.194336	0.339206	0.134766	0.302370	0.235352	-0.636641	0.046875	-0.636641	0.096680	0.003262	0.000960	
-1	1	-1	-1	-1	
0.242188	0.004626	0.143555	0.003511	0.032227	-0.011129	0.136719	-0.002221	0.225586	0.007585	0.135742	0.002065	0.199219	-0.001279	0.042969	-0.000967	0.188477	0.335868	0.137695	0.314336	0.231445	-0.636641	0.042969	-0.636641	0.092773	0.003847	0.000921	
-1	1	-1	-1	-1	
0.255859	0.004366	0.149414	0.003426	0.041992	-0.009261	0.142578	-0.001746	0.198242	0.006005	0.105469	0.002075	0.212891	-0.001420	0.031250	-0.001170	0.223633	0.339206	0.145508	0.297751	0.237305	-0.636641	0.047852	-0.636299	0.097656	0.003895	0.000982	
-1	1	-1	-1	-1	
0.249023	0.003864	0.142578	0.003169	0.041992	-0.007865	0.134766	-0.002128	0.186523	0.005622	0.100586	0.002322	0.200195	-0.001727	0.193359	-0.001332	0.041992	0.338803	0.137695	0.286530	0.231445	-0.636641	0.047852	-0.633482	0.097656	0.003373	0.000903	
-1	1	-1	-1	-1	
0.252930	0.003444	0.147461	0.003146	0.040039	-0.006749	0.140625	-0.001889	0.237305	0.005916	0.103516	0.002241	0.207031	-0.001289	0.192383	-0.001255	0.011719	0.339206	0.143555	0.339206	0.235352	-0.636641	0.045898	-0.636641	0.095703	0.003057	0.000914	
-1	1	-1	-1	-1	
0.375977	0.008427	0.324219	0.007419	0.134766	-0.009142	0.131836	-0.009025	0.316406	0.014006	0.316406	0.010402	0.127930	-0.005125	0.134766	-0.003839	0.320312	0.376866	0.000000	0.376866	0.185547	-0.598981	0.057617	-0.598981	0.246094	0.005359	0.001741	
-1	1	-1	-1	-1	
0.377930	0.008698	0.129883	0.005849	0.318359	-0.009371	0.314453	-0.006178	0.125977	0.013028	0.122070	0.009496	0.310547	-0.005322	0.318359	-0.004340	0.129883	0.377045	0.365234	0.376866	0.000000	-0.598981	0.057617	-0.598981	0.242188	0.004741	0.001509	
-1	1	-1	-1	-1	
0.191406	0.005693	0.136719	0.003547	0.047852	-0.010882	0.128906	-0.005954	0.006836	0.009540	0.125000	0.003348	0.180664	-0.005698	0.132812	-0.003650	0.025391	0.376866	0.000000	0.376866	0.127930	-0.598981	0.053711	-0.437691	0.103516	0.005024	0.001607	
-1	1	-1	-1	-1	
0.194336	0.008781	0.133789	0.003842	0.044922	-0.008133	0.125977	-0.005652	0.007812	0.013884	0.125977	0.003937	0.177734	-0.003317	0.026367	-0.003038	0.129883	0.376866	0.000000	0.376866	0.183594	-0.598981	0.053711	-0.416382	0.103516	0.004829	0.001613	
-1	1	-1	-1	-1	
0.193359	0.006531	0.139648	0.003802	0.046875	-0.011233	0.131836	-0.006216	0.001953	0.011655	0.131836	0.002659	0.181641	-0.003563	0.135742	-0.003466	0.042969	0.376866	0.000000	0.376866	0.131836	-0.598981	0.051758	-0.488966	0.101562	0.005016	0.001611	
-1	1	-1	-1	-1	
0.191406	0.006958	0.134766	0.004038	0.045898	-0.009947	0.126953	-0.005203	0.005859	0.012740	0.126953	0.003053	0.178711	-0.005163	0.130859	-0.003445	0.041992	0.376866	0.000000	0.376866	0.183594	-0.598981	0.051758	-0.433921	0.101562	0.005009	0.001613	
-1	1	-1	-1	-1	
0.146484	0.005965	0.134766	0.004157	0.046875	-0.010607	0.127930	-0.006173	0.005859	0.009719	0.124023	0.001284	0.001953	-0.005821	0.130859	-0.003445	0.028320	0.376866	0.000000	0.376851	0.135742	-0.598981	0.053711	-0.431135	0.103516	0.005142	0.001545	
-1	1	-1	-1	-1	
0.239258	0.007326	0.181641	0.004158	0.092773	-0.011060	0.174805	-0.006468	0.051758	0.010044	0.152344	0.003529	0.033203	-0.006282	0.177734	-0.003450	0.088867	0.376866	0.039062	0.376866	0.231445	-0.598981	0.101562	-0.462770	0.151367	0.005198	0.001751	
-1	1	-1	-1	-1	
0.404297	0.008187	0.138672	0.005035	0.346680	-0.006163	0.130859	-0.005955	0.005859	0.013080	0.130859	0.011300	0.338867	-0.003643	0.223633	-0.003369	0.024414	0.376866	0.000000	0.376866	0.187500	-0.598981	0.053711	-0.598981	0.253906	0.004249	0.001572	
-1	1	-1	-1	-1	
0.206055	0.005145	0.146484	0.003952	0.045898	-0.009080	0.138672	-0.005010	0.004883	0.008785	0.134766	0.002118	0.186523	-0.004081	0.142578	-0.003323	0.027344	0.376866	0.000000	0.376866	0.191406	-0.598981	0.053711	-0.491082	0.103516	0.004554	0.001593	
-1	1	-1	-1	-1	
0.200195	0.005748	0.139648	0.003647	0.046875	-0.005690	0.135742	-0.004493	0.199219	0.012310	0.131836	0.002932	0.187500	-0.003578	0.024414	-0.003127	0.180664	0.376866	0.000000	0.376866	0.191406	-0.598981	0.053711	-0.482499	0.103516	0.004266	0.001535	
-1	1	-1	-1	-1	
0.207031	0.007507	0.139648	0.003673	0.046875	-0.004963	0.002930	-0.004743	0.206055	0.012095	0.131836	0.003682	0.183594	-0.003245	0.024414	-0.002404	0.176758	0.377104	0.191406	0.376866	0.000000	-0.598981	0.054688	-0.483631	0.104492	0.004004	0.001728	
-1	1	-1	-1	-1	
0.202148	0.007534	0.135742	0.003449	0.043945	-0.011264	0.128906	-0.005167	0.002930	0.011087	0.128906	0.003069	0.184570	-0.005630	0.131836	-0.002997	0.021484	0.377104	0.000000	0.377104	0.187500	-0.598743	0.049805	-0.546068	0.099609	0.004340	0.001375	
-1	1	-1	-1	-1	
0.157227	0.005656	0.137695	0.003789	0.044922	-0.007422	0.133789	-0.005140	0.004883	0.011539	0.129883	0.000802	0.000000	-0.002965	0.022461	-0.002083	0.137695	0.377104	0.000000	0.375957	0.131836	-0.598743	0.051758	-0.509485	0.101562	0.004195	0.001303	
-1	1	-1	-1	-1	
0.256836	0.006181	0.188477	0.003192	0.095703	-0.006773	0.180664	-0.004719	0.254883	0.013742	0.180664	0.003231	0.236328	-0.002934	0.070312	-0.002654	0.017578	0.377104	0.032227	0.377104	0.245117	-0.598743	0.101562	-0.515088	0.151367	0.003805	0.001443	
-1	1	-1	-1	-1	
0.203125	0.006259	0.138672	0.003622	0.042969	-0.011224	0.130859	-0.004745	0.001953	0.009946	0.130859	0.002979	0.182617	-0.005374	0.134766	-0.002948	0.020508	0.377104	0.000000	0.377104	0.189453	-0.598743	0.049805	-0.550821	0.099609	0.004558	0.001387	
-1	1	-1	-1	-1	
0.213867	0.005512	0.142578	0.003118	0.046875	-0.010953	0.135742	-0.004968	0.208984	0.010546	0.134766	0.002872	0.186523	-0.002865	0.175781	-0.002858	0.020508	0.377104	0.000000	0.377104	0.191406	-0.598743	0.051758	-0.520468	0.101562	0.004334	0.001300	
-1	1	-1	-1	-1	
0.215820	0.005405	0.139648	0.003566	0.040039	-0.011718	0.132812	-0.004362	0.000000	0.009727	0.132812	0.002449	0.182617	-0.003099	0.032227	-0.002990	0.172852	0.377104	0.000000	0.377104	0.188477	-0.598743	0.043945	-0.598743	0.093750	0.004251	0.001249	
-1	1	-1	-1	-1	
0.211914	0.005370	0.146484	0.002843	0.042969	-0.011346	0.138672	-0.004017	0.201172	0.010465	0.138672	0.003240	0.086914	-0.003274	0.179688	-0.002891	0.035156	0.377104	0.000000	0.377104	0.196289	-0.598743	0.045898	-0.598743	0.095703	0.004390	0.001202	
-1	1	-1	-1	-1	
0.223633	0.006144	0.145508	0.003080	0.041016	-0.010689	0.137695	-0.004599	0.214844	0.010225	0.137695	0.002480	0.189453	-0.002842	0.178711	-0.002820	0.019531	0.377104	0.000000	0.377104	0.195312	-0.598743	0.049805	-0.553697	0.099609	0.004088	0.001191	
-1	1	-1	-1	-1	
0.250977	0.005591	0.143555	0.002966	0.036133	-0.007445	0.139648	-0.003062	0.002930	0.011159	0.139648	0.002927	0.083984	-0.003209	0.180664	-0.002690	0.028320	0.377104	0.000000	0.377104	0.139648	-0.598743	0.041992	-0.598743	0.091797	0.004239	0.001270	
-1	1	-1	-1	-1	
0.500000	0.000289	0.083984	0.000252	0.000000	-0.000268	0.253906	-0.000206	0.962891	0.000568	0.933594	0.000416	0.246094	-0.000322	0.264648	-0.000133	0.691406	0.098616	0.976562	0.050023	0.500000	-0.099927	0.130859	-0.070036	0.187500	0.000224	0.000048	
-1	-1	1	-1	-1	
0.500000	0.000376	0.074219	0.000298	0.018555	-0.000387	0.214844	-0.000198	0.889648	0.000374	0.974609	0.000314	0.136719	-0.000259	0.222656	-0.000223	0.566406	0.069831	0.500000	0.049685	0.500000	-0.143931	0.095703	-0.080526	0.045898	0.000263	0.000053	
-1	-1	1	-1	-1	
0.634766	0.000542	0.081055	0.000322	0.029297	-0.000795	0.189453	-0.000614	0.589844	0.001272	0.185547	0.000912	0.582031	-0.000636	0.196289	-0.000373	0.043945	0.168170	0.603516	0.120576	0.000000	-0.156377	0.095703	-0.064765	0.145508	0.000415	0.000094	
-1	-1	1	-1	-1	
0.692383	0.000369	0.058594	0.000284	0.184570	-0.001370	0.196289	-0.000436	0.652344	0.001435	0.192383	0.000903	0.644531	-0.001061	0.203125	-0.000330	0.615234	0.139158	0.667969	0.094723	0.000000	-0.150014	0.096680	-0.091706	0.146484	0.000346	0.000079	
-1	-1	1	-1	-1	
0.636719	0.000517	0.089844	0.000311	0.038086	-0.000742	0.159180	-0.000452	0.590820	0.001600	0.154297	0.000806	0.580078	-0.000842	0.166016	-0.000325	0.041016	0.150021	0.610352	0.108208	0.000000	-0.161026	0.095703	-0.042428	0.044922	0.000386	0.000085	
-1	-1	1	-1	-1	
0.687500	0.000483	0.087891	0.000333	0.036133	-0.000541	0.183594	-0.000334	0.628906	0.001879	0.183594	0.000653	0.621094	-0.000828	0.194336	-0.000236	0.042969	0.109592	0.650391	0.105884	0.000000	-0.161905	0.096680	-0.068937	0.146484	0.000341	0.000095	
-1	-1	1	-1	-1	
0.660156	0.000381	0.044922	0.000320	0.094727	-0.000711	0.187500	-0.000510	0.613281	0.001610	0.185547	0.000774	0.605469	-0.000802	0.193359	-0.000247	0.579102	0.124464	0.632812	0.080028	0.000000	-0.142059	0.109375	-0.073677	0.059570	0.000321	0.000094	
-1	-1	1	-1	-1	
0.666992	0.000518	0.044922	0.000410	0.094727	-0.000553	0.201172	-0.000424	0.620117	0.001365	0.193359	0.000689	0.612305	-0.000740	0.205078	-0.000283	0.041992	0.124493	0.637695	0.083754	0.000000	-0.139659	0.095703	-0.070771	0.145508	0.000342	0.000105	
-1	-1	1	-1	-1	
0.563477	0.000515	0.089844	0.000316	0.037109	-0.001097	0.556641	-0.000597	0.174805	0.001922	0.174805	0.001470	0.545898	-0.000617	0.186523	-0.000506	0.527344	0.208677	0.559570	0.121013	0.000000	-0.179081	0.102539	-0.057324	0.152344	0.000767	0.000226	
-1	-1	1	-1	-1	
0.404297	0.000775	0.097656	0.000649	0.167969	-0.001792	0.153320	-0.001122	0.401367	0.002994	0.145508	0.001504	0.393555	-0.000771	0.153320	-0.000764	0.041992	0.204623	0.000000	0.185654	0.403320	-0.216230	0.095703	-0.044897	0.259766	0.000773	0.000222	
-1	-1	1	-1	-1	
0.375977	0.000792	0.141602	0.000713	0.089844	-0.001648	0.156250	-0.001122	0.000000	0.004260	0.144531	0.000442	0.007812	-0.001009	0.152344	-0.000661	0.059570	0.191898	0.000977	0.104160	0.375000	-0.204443	0.101562	-0.046059	0.259766	0.000735	0.000225	
-1	-1	1	-1	-1	
0.368164	0.000889	0.125000	0.000626	0.073242	-0.001646	0.168945	-0.001054	0.017578	0.005061	0.158203	0.001449	0.009766	-0.001805	0.165039	-0.000805	0.080078	0.194744	0.027344	0.164763	0.367188	-0.218808	0.117188	-0.040322	0.257812	0.000834	0.000221	
-1	-1	1	-1	-1	
0.345703	0.001011	0.109375	0.000587	0.057617	-0.001334	0.008789	-0.000886	0.342773	0.006040	0.130859	0.001542	0.000977	-0.002409	0.142578	-0.000951	0.064453	0.216231	0.015625	0.150532	0.343750	-0.231206	0.095703	-0.044748	0.233398	0.000845	0.000200	
-1	-1	1	-1	-1	
0.344727	0.001013	0.116211	0.000823	0.064453	-0.001906	0.149414	-0.001646	0.012695	0.004983	0.137695	0.001630	0.004883	-0.001405	0.145508	-0.001110	0.060547	0.243709	0.015625	0.177846	0.343750	-0.244974	0.095703	-0.048875	0.229492	0.000965	0.000225	
-1	-1	1	-1	-1	
0.363281	0.001102	0.123047	0.000793	0.067383	-0.002401	0.152344	-0.001286	0.007812	0.004142	0.140625	0.001751	0.000000	-0.001597	0.152344	-0.000970	0.348633	0.230447	0.014648	0.204296	0.362305	-0.233113	0.095703	-0.051379	0.238281	0.000964	0.000212	
-1	-1	1	-1	-1	
0.328125	0.001086	0.112305	0.000777	0.059570	-0.002289	0.145508	-0.001495	0.000000	0.004062	0.133789	0.001740	0.000000	-0.001426	0.141602	-0.000906	0.063477	0.238941	0.006836	0.091056	0.327148	-0.222286	0.095703	-0.044410	0.229492	0.001021	0.000262	
-1	-1	1	-1	-1	
0.360352	0.001014	0.154297	0.000871	0.081055	-0.002456	0.168945	-0.001523	0.024414	0.004616	0.161133	0.001790	0.359375	-0.001424	0.168945	-0.001020	0.083984	0.268767	0.029297	0.192011	0.359375	-0.246008	0.111328	-0.036826	0.251953	0.001059	0.000294	
-1	-1	1	-1	-1	
0.333008	0.000979	0.135742	0.000794	0.083984	-0.002001	0.150391	-0.001411	0.006836	0.004450	0.139648	0.001790	0.000000	-0.003042	0.150391	-0.000948	0.069336	0.246848	0.014648	0.100652	0.332031	-0.251581	0.095703	-0.034859	0.229492	0.000945	0.000271	
-1	-1	1	-1	-1	
0.338867	0.001013	0.118164	0.000880	0.169922	-0.001582	0.021484	-0.001203	0.159180	0.005241	0.143555	0.001782	0.014648	-0.002949	0.155273	-0.001147	0.077148	0.262866	0.029297	0.162477	0.336914	-0.258451	0.109375	-0.050952	0.239258	0.000958	0.000289	
-1	-1	1	-1	-1	
0.368164	0.001108	0.138672	0.000875	0.064453	-0.002498	0.153320	-0.001593	0.012695	0.005802	0.142578	0.001808	0.001953	-0.001990	0.149414	-0.001264	0.060547	0.272835	0.009766	0.226821	0.366211	-0.260835	0.095703	-0.046228	0.235352	0.001075	0.000260	
-1	-1	1	-1	-1	
0.368164	0.001225	0.159180	0.000736	0.059570	-0.002893	0.148438	-0.001371	0.367188	0.005402	0.136719	0.001817	0.367188	-0.002878	0.148438	-0.000865	0.059570	0.244985	0.003906	0.216852	0.366211	-0.246202	0.095703	-0.044336	0.235352	0.000976	0.000271	
-1	-1	1	-1	-1	
0.228516	0.001774	0.151367	0.001180	0.070312	-0.004108	0.143555	-0.001812	0.014648	0.012925	0.132812	0.002248	0.014648	-0.004100	0.140625	-0.001896	0.070312	0.309564	0.016602	0.109218	0.137695	-0.313931	0.095703	-0.061609	0.220703	0.001683	0.000635	
-1	-1	1	-1	-1	
0.483398	0.001123	0.378906	0.001044	0.142578	-0.002210	0.029297	-0.002090	0.253906	0.008639	0.397461	0.005971	0.146484	-0.003709	0.408203	-0.002911	0.157227	0.362299	0.286133	0.356041	0.031250	-0.330635	0.357422	-0.292026	0.109375	0.001601	0.000653	
-1	-1	1	-1	-1	
0.247070	0.001272	0.179688	0.001212	0.087891	-0.002573	0.172852	-0.002180	0.002930	0.005742	0.158203	0.002120	0.020508	-0.003051	0.168945	-0.001433	0.083984	0.364013	0.038086	0.125877	0.174805	-0.294947	0.107422	-0.089772	0.235352	0.001644	0.000699	
-1	-1	1	-1	-1	
0.462891	0.001407	0.169922	0.001221	0.344727	-0.004188	0.162109	-0.003069	0.385742	0.007170	0.370117	0.006309	0.147461	-0.003599	0.381836	-0.002293	0.158203	0.403039	0.257812	0.351183	0.024414	-0.317656	0.326172	-0.302814	0.095703	0.001664	0.000632	
-1	-1	1	-1	-1	
0.241211	0.001681	0.160156	0.001112	0.067383	-0.004284	0.152344	-0.001939	0.022461	0.006033	0.137695	0.001758	0.003906	-0.003163	0.148438	-0.001717	0.066406	0.360749	0.027344	0.256277	0.239258	-0.352346	0.095703	-0.129871	0.212891	0.001729	0.000609	
-1	-1	1	-1	-1	
0.250000	0.001118	0.066406	0.000999	0.116211	-0.002522	0.155273	-0.001682	0.225586	0.005746	0.140625	0.001429	0.244141	-0.003077	0.151367	-0.001470	0.069336	0.348903	0.015625	0.215865	0.249023	-0.314422	0.095703	-0.118144	0.227539	0.001533	0.000645	
-1	-1	1	-1	-1	
0.481445	0.001708	0.409180	0.001612	0.164062	-0.005328	0.401367	-0.004189	0.157227	0.007238	0.386719	0.006506	0.146484	-0.002819	0.397461	-0.002380	0.153320	0.352524	0.258789	0.335715	0.023438	-0.324391	0.095703	-0.291847	0.336914	0.001730	0.000702	
-1	-1	1	-1	-1	
0.235352	0.001228	0.072266	0.000867	0.124023	-0.002072	0.161133	-0.001709	0.016602	0.008143	0.142578	0.001862	0.234375	-0.003490	0.153320	-0.001478	0.072266	0.341512	0.019531	0.148302	0.233398	-0.312604	0.095703	-0.117296	0.212891	0.001372	0.000646	
-1	-1	1	-1	-1	
0.244141	0.001319	0.070312	0.001212	0.120117	-0.003269	0.158203	-0.001910	0.021484	0.005578	0.143555	0.002060	0.232422	-0.002042	0.154297	-0.001503	0.069336	0.350078	0.021484	0.271832	0.242188	-0.332872	0.095703	-0.127861	0.211914	0.001318	0.000446	
-1	-1	1	-1	-1	
0.219727	0.001462	0.070312	0.001141	0.120117	-0.002418	0.159180	-0.002282	0.215820	0.005956	0.140625	0.000558	0.006836	-0.003304	0.152344	-0.001327	0.070312	0.347352	0.013672	0.095924	0.162109	-0.319714	0.095703	-0.112156	0.215820	0.001265	0.000413	
-1	-1	1	-1	-1	
0.219727	0.001615	0.158203	0.001388	0.106445	-0.003734	0.151367	-0.002377	0.028320	0.008628	0.135742	0.001883	0.218750	-0.003227	0.146484	-0.001951	0.080078	0.372862	0.032227	0.196239	0.218750	-0.359068	0.095703	-0.132615	0.201172	0.001488	0.000379	
-1	-1	1	-1	-1	
0.249023	0.001726	0.166016	0.001467	0.069336	-0.004245	0.158203	-0.001849	0.021484	0.007169	0.143555	0.002087	0.243164	-0.004162	0.154297	-0.001601	0.073242	0.359243	0.025391	0.216326	0.248047	-0.311652	0.095703	-0.138948	0.223633	0.001421	0.000348	
-1	-1	1	-1	-1	
0.500000	0.000597	0.044922	0.000508	0.966797	-0.000457	0.419922	-0.000171	0.349609	0.000599	0.405273	0.000468	0.026367	-0.001032	0.419922	-0.000402	0.056641	0.047038	0.415039	0.041465	0.922852	-0.158404	0.128906	-0.134607	0.178711	0.000354	0.000085	
-1	-1	-1	1	-1	
0.500000	0.000583	0.010742	0.000554	0.955078	-0.000368	0.465820	-0.000167	0.250977	0.000483	0.054688	0.000398	0.000000	-0.000667	0.447266	-0.000423	0.332031	0.052432	0.943359	0.040750	0.877930	-0.196238	0.174805	-0.160312	0.125000	0.000370	0.000088	
-1	-1	-1	1	-1	
0.500000	0.000681	0.025391	0.000651	0.970703	-0.000712	0.424805	-0.000186	0.169922	0.000868	0.398438	0.000544	0.013672	-0.001067	0.414062	-0.000618	0.036133	0.069078	0.922852	0.065860	0.434570	-0.178595	0.122070	-0.163858	0.072266	0.000420	0.000065	
-1	-1	-1	1	-1	
0.643555	0.000791	0.053711	0.000493	0.616211	-0.000961	0.378906	-0.000187	0.327148	0.000441	0.353516	0.000335	0.045898	-0.001429	0.368164	-0.000808	0.064453	0.078059	0.386719	0.064990	0.000000	-0.198343	0.145508	-0.171253	0.095703	0.000570	0.000079	
-1	-1	-1	1	-1	
0.675781	0.000950	0.080078	0.000490	0.632812	-0.000845	0.343750	-0.000682	0.040039	0.000488	0.032227	0.000484	0.335938	-0.001206	0.087891	-0.001200	0.343750	0.113926	0.046875	0.072620	0.341797	-0.233718	0.155273	-0.169137	0.105469	0.000499	0.000081	
-1	-1	-1	1	-1	
0.633789	0.001152	0.060547	0.000264	0.590820	-0.000851	0.308594	-0.000642	0.012695	0.000528	0.304688	0.000449	0.157227	-0.001436	0.071289	-0.001224	0.319336	0.116966	0.023438	0.064007	0.317383	-0.237012	0.130859	-0.164041	0.180664	0.000534	0.000091	
-1	-1	-1	1	-1	
0.683594	0.000903	0.064453	0.000622	0.682617	-0.000893	0.331055	-0.000310	0.008789	0.000759	0.315430	0.000422	0.000977	-0.001715	0.331055	-0.001142	0.075195	0.083317	0.659180	0.081709	0.019531	-0.222468	0.119141	-0.186497	0.168945	0.000531	0.000103	
-1	-1	-1	1	-1	
0.600586	0.000811	0.014648	0.000386	0.555664	-0.000868	0.299805	-0.000152	0.541016	0.000685	0.040039	0.000665	0.289062	-0.001651	0.299805	-0.001096	0.029297	0.077580	0.599609	0.076775	0.297852	-0.210862	0.111328	-0.165458	0.061523	0.000561	0.000084	
-1	-1	-1	1	-1	
0.622070	0.001014	0.047852	0.000512	0.598633	-0.000861	0.308594	-0.000491	0.620117	0.000871	0.296875	0.000428	0.042969	-0.001567	0.307617	-0.001489	0.059570	0.095059	0.013672	0.068878	0.621094	-0.230397	0.120117	-0.151853	0.170898	0.000548	0.000084	
-1	-1	-1	1	-1	
0.375000	0.001092	0.256836	0.001040	0.054688	-0.002499	0.246094	-0.002268	0.029297	0.001098	0.139648	0.000806	0.223633	-0.001666	0.062500	-0.001634	0.239258	0.145631	0.250000	0.104012	0.033203	-0.361441	0.117188	-0.180376	0.166992	0.001168	0.000220	
-1	-1	-1	1	-1	
0.312500	0.001167	0.043945	0.000374	0.309570	-0.001157	0.014648	-0.001109	0.184570	0.001670	0.172852	0.000934	0.121094	-0.002441	0.183594	-0.001833	0.047852	0.129746	0.024414	0.073554	0.196289	-0.351129	0.095703	-0.152318	0.145508	0.000963	0.000217	
-1	-1	-1	1	-1	
0.334961	0.001487	0.074219	0.000389	0.244141	-0.001173	0.192383	-0.001035	0.048828	0.001693	0.155273	0.000411	0.333008	-0.002392	0.082031	-0.001424	0.203125	0.138806	0.048828	0.062587	0.234375	-0.402672	0.117188	-0.136642	0.166992	0.000910	0.000256	
-1	-1	-1	1	-1	
0.319336	0.001346	0.049805	0.000375	0.250000	-0.001255	0.172852	-0.001197	0.023438	0.001994	0.134766	0.000411	0.000000	-0.002497	0.057617	-0.001283	0.183594	0.148433	0.021484	0.066104	0.179688	-0.397129	0.095703	-0.130711	0.145508	0.000995	0.000237	
-1	-1	-1	1	-1	
0.285156	0.001098	0.048828	0.000612	0.219727	-0.001377	0.175781	-0.001049	0.023438	0.001694	0.141602	0.000282	0.008789	-0.001727	0.059570	-0.001236	0.182617	0.110047	0.025391	0.072273	0.211914	-0.363363	0.095703	-0.131322	0.145508	0.000909	0.000266	
-1	-1	-1	1	-1	
0.329102	0.001052	0.076172	0.000401	0.000000	-0.001146	0.198242	-0.001001	0.045898	0.001672	0.165039	0.000335	0.031250	-0.001912	0.083008	-0.001829	0.206055	0.126185	0.048828	0.073673	0.203125	-0.382094	0.121094	-0.141157	0.170898	0.000913	0.000238	
-1	-1	-1	1	-1	
0.300781	0.001011	0.050781	0.000352	0.232422	-0.001182	0.176758	-0.001080	0.017578	0.001504	0.135742	0.000402	0.005859	-0.001947	0.061523	-0.001758	0.183594	0.130268	0.027344	0.083180	0.215820	-0.373764	0.095703	-0.198988	0.145508	0.000881	0.000245	
-1	-1	-1	1	-1	
0.291992	0.000926	0.076172	0.000762	0.236328	-0.001499	0.212891	-0.000951	0.042969	0.001531	0.161133	0.000308	0.028320	-0.001827	0.083984	-0.001283	0.198242	0.099408	0.046875	0.074538	0.223633	-0.376178	0.119141	-0.088481	0.168945	0.000898	0.000233	
-1	-1	-1	1	-1	
0.344727	0.001140	0.077148	0.000279	0.250977	-0.001140	0.203125	-0.000730	0.047852	0.001481	0.173828	0.000382	0.343750	-0.002108	0.084961	-0.001592	0.209961	0.111388	0.050781	0.091866	0.243164	-0.389112	0.125000	-0.104934	0.174805	0.000800	0.000218	
-1	-1	-1	1	-1	
0.280273	0.000975	0.050781	0.000352	0.212891	-0.001338	0.179688	-0.001129	0.017578	0.002037	0.138672	0.000461	0.009766	-0.001956	0.179688	-0.001703	0.057617	0.145391	0.024414	0.096649	0.175781	-0.365227	0.095703	-0.114888	0.145508	0.000867	0.000205	
-1	-1	-1	1	-1	
0.303711	0.000811	0.066406	0.000339	0.218750	-0.001595	0.188477	-0.000992	0.029297	0.002658	0.177734	0.000657	0.125977	-0.003054	0.188477	-0.001614	0.070312	0.133947	0.042969	0.118599	0.185547	-0.360310	0.113281	-0.093966	0.163086	0.000782	0.000160	
-1	-1	-1	1	-1	
0.311523	0.000945	0.056641	0.000436	0.249023	-0.001149	0.177734	-0.000943	0.026367	0.001853	0.140625	0.000337	0.252930	-0.001982	0.059570	-0.001409	0.185547	0.135780	0.031250	0.078336	0.181641	-0.358596	0.095703	-0.147953	0.145508	0.000748	0.000155	
-1	-1	-1	1	-1	
0.304688	0.000773	0.052734	0.000466	0.211914	-0.001199	0.178711	-0.000704	0.023438	0.001708	0.149414	0.000302	0.011719	-0.001721	0.178711	-0.001594	0.059570	0.126452	0.025391	0.091434	0.186523	-0.350207	0.101562	-0.083387	0.151367	0.000693	0.000203	
-1	-1	-1	1	-1	
0.315430	0.000767	0.047852	0.000582	0.239258	-0.001192	0.168945	-0.000951	0.014648	0.001780	0.135742	0.000379	0.000000	-0.001469	0.176758	-0.001433	0.058594	0.139639	0.022461	0.082568	0.208984	-0.340819	0.095703	-0.123113	0.145508	0.000730	0.000189	
-1	-1	-1	1	-1	
0.201172	0.001740	0.181641	0.001298	0.049805	-0.005517	0.174805	-0.001646	0.027344	0.002920	0.125977	0.000755	0.185547	-0.002768	0.056641	-0.002009	0.166992	0.198158	0.174805	0.123324	0.028320	-0.440744	0.095703	0.000000	0.000000	0.001992	0.000530	
-1	-1	-1	1	-1	
0.405273	0.001159	0.395508	0.001134	0.264648	-0.002475	0.362305	-0.001840	0.040039	0.004736	0.358398	0.003234	0.161133	-0.002958	0.369141	-0.002953	0.171875	0.171634	0.246094	0.162366	0.166992	-0.452993	0.304688	-0.447807	0.105469	0.001510	0.000483	
-1	-1	-1	1	-1	
0.188477	0.001177	0.052734	0.000871	0.102539	-0.002955	0.153320	-0.001976	0.035156	0.006308	0.149414	0.000523	0.000000	-0.003278	0.156250	-0.002755	0.060547	0.194805	0.154297	0.159639	0.034180	-0.412536	0.095703	0.000000	0.000000	0.001742	0.000543	
-1	-1	-1	1	-1	
0.193359	0.002118	0.186523	0.001156	0.057617	-0.003459	0.167969	-0.002119	0.038086	0.006082	0.149414	0.000598	0.015625	-0.003010	0.160156	-0.002878	0.064453	0.202077	0.168945	0.158357	0.037109	-0.421149	0.094727	-0.003753	0.144531	0.001922	0.000492	
-1	-1	-1	1	-1	
0.185547	0.001988	0.178711	0.001621	0.000000	-0.003906	0.170898	-0.001605	0.034180	0.004715	0.148438	0.000621	0.015625	-0.002749	0.067383	-0.002035	0.160156	0.214937	0.173828	0.156182	0.040039	-0.458730	0.095703	0.000000	0.000000	0.001910	0.000494	
-1	-1	-1	1	-1	
0.161133	0.000948	0.063477	0.000776	0.000000	-0.002985	0.152344	-0.001685	0.037109	0.005914	0.144531	0.000495	0.030273	-0.002582	0.059570	-0.002441	0.155273	0.239345	0.149414	0.134381	0.041992	-0.434217	0.095703	0.000000	0.000000	0.001854	0.000446	
-1	-1	-1	1	-1	
0.179688	0.001448	0.013672	0.000972	0.073242	-0.003117	0.001953	-0.002348	0.168945	0.003404	0.139648	0.000614	0.039062	-0.002657	0.080078	-0.002371	0.168945	0.208157	0.166992	0.195223	0.006836	-0.424502	0.109375	0.000000	0.000000	0.001910	0.000485	
-1	-1	-1	1	-1	
0.175781	0.001254	0.067383	0.000928	0.152344	-0.002643	0.174805	-0.002160	0.000977	0.004715	0.152344	0.000550	0.022461	-0.002674	0.163086	-0.002547	0.074219	0.207501	0.159180	0.190797	0.002930	-0.399453	0.109375	0.000000	0.000000	0.001711	0.000431	
-1	-1	-1	1	-1	
0.190430	0.001672	0.183594	0.001308	0.065430	-0.005036	0.168945	-0.002643	0.000000	0.003511	0.154297	0.000552	0.032227	-0.002845	0.069336	-0.002681	0.161133	0.237885	0.170898	0.190961	0.000977	-0.442398	0.099609	0.000000	0.000000	0.002013	0.000521	
-1	-1	-1	1	-1	
0.195312	0.001058	0.000000	0.000942	0.193359	-0.003293	0.182617	-0.001504	0.038086	0.003916	0.156250	0.000638	0.000000	-0.002673	0.067383	-0.002663	0.166992	0.182572	0.188477	0.139582	0.041992	-0.422937	0.101562	0.000000	0.000000	0.001654	0.000441	
-1	-1	-1	1	-1	
0.189453	0.001164	0.175781	0.001127	0.054688	-0.004551	0.168945	-0.001404	0.032227	0.003588	0.146484	0.000572	0.005859	-0.002996	0.157227	-0.002810	0.061523	0.195446	0.174805	0.152114	0.000000	-0.440386	0.095703	0.000000	0.000000	0.001721	0.000518	
-1	-1	-1	1	-1	
0.195312	0.001128	0.194336	0.001008	0.064453	-0.002615	0.164062	-0.001516	0.030273	0.004776	0.160156	0.000597	0.023438	-0.002281	0.071289	-0.001874	0.167969	0.252313	0.166992	0.139895	0.041016	-0.404653	0.112305	0.000000	0.000000	0.001625	0.000430	
-1	-1	-1	1	-1	
0.160156	0.001128	0.000000	0.001094	0.061523	-0.002237	0.154297	-0.001577	0.028320	0.003766	0.150391	0.000858	0.005859	-0.002039	0.057617	-0.001971	0.153320	0.226490	0.155273	0.196821	0.000000	-0.358053	0.095703	0.000000	0.000000	0.001187	0.000291	
-1	-1	-1	1	-1	
0.523438	0.000777	0.238281	0.000667	0.288086	-0.002309	0.250000	-0.000928	0.105469	0.004769	0.242188	0.001441	0.130859	-0.002787	0.250000	-0.000802	0.171875	0.269808	0.243164	0.087745	0.489258	-0.186660	0.111328	-0.062980	0.363281	0.001209	0.000289	
-1	-1	-1	-1	1	
0.556641	0.000841	0.241211	0.000660	0.123047	-0.002761	0.278320	-0.001190	0.089844	0.003952	0.241211	0.002044	0.119141	-0.002112	0.249023	-0.000712	0.164062	0.258364	0.246094	0.072412	0.555664	-0.225686	0.105469	-0.058480	0.313477	0.001213	0.000279	
-1	-1	-1	-1	1	
0.608398	0.001194	0.259766	0.001035	0.133789	-0.002708	0.266602	-0.001285	0.103516	0.005182	0.259766	0.002106	0.129883	-0.002830	0.266602	-0.000817	0.188477	0.263683	0.262695	0.085257	0.016602	-0.237741	0.119141	-0.059672	0.354492	0.001145	0.000246	
-1	-1	-1	-1	1	
0.633789	0.001122	0.245117	0.000564	0.178711	-0.002941	0.251953	-0.001055	0.092773	0.006503	0.245117	0.001834	0.119141	-0.002679	0.255859	-0.000669	0.160156	0.280745	0.247070	0.077747	0.607422	-0.215270	0.105469	-0.061639	0.334961	0.001402	0.000250	
-1	-1	-1	-1	1	
0.515625	0.001412	0.111328	0.001349	0.249023	-0.003107	0.256836	-0.001641	0.085938	0.006358	0.249023	0.002598	0.107422	-0.003486	0.256836	-0.000817	0.092773	0.274756	0.251953	0.078985	0.481445	-0.252150	0.095703	-0.080264	0.329102	0.001103	0.000258	
-1	-1	-1	-1	1	
0.595703	0.001099	0.241211	0.000618	0.177734	-0.002963	0.248047	-0.001001	0.088867	0.005992	0.241211	0.001670	0.118164	-0.003022	0.251953	-0.000655	0.166992	0.294232	0.244141	0.091248	0.594727	-0.224105	0.103516	-0.070876	0.347656	0.000889	0.000172	
-1	-1	-1	-1	1	
0.568359	0.001061	0.239258	0.000931	0.117188	-0.002363	0.247070	-0.001089	0.090820	0.004667	0.239258	0.001881	0.113281	-0.002866	0.250000	-0.000673	0.172852	0.266441	0.243164	0.095644	0.008789	-0.234089	0.102539	-0.089696	0.307617	0.000824	0.000158	
-1	-1	-1	-1	1	
0.461914	0.002392	0.109375	0.001658	0.275391	-0.006711	0.279297	-0.002418	0.093750	0.011506	0.275391	0.005329	0.105469	-0.008191	0.282227	-0.001348	0.112305	0.352387	0.273438	0.125323	0.131836	-0.333856	0.095703	-0.068615	0.239258	0.002712	0.000309	
-1	-1	-1	-1	1	
0.420898	0.001210	0.250977	0.001021	0.110352	-0.004731	0.281250	-0.001555	0.084961	0.008884	0.250977	0.002451	0.106445	-0.004707	0.258789	-0.000632	0.095703	0.357454	0.251953	0.088398	0.419922	-0.253583	0.095703	-0.104229	0.325195	0.001865	0.000345	
-1	-1	-1	-1	1	
0.517578	0.001802	0.267578	0.001037	0.130859	-0.003063	0.275391	-0.001619	0.108398	0.008506	0.267578	0.002968	0.130859	-0.004202	0.275391	-0.000753	0.116211	0.284468	0.268555	0.092958	0.006836	-0.252481	0.115234	-0.077407	0.357422	0.001547	0.000304	
-1	-1	-1	-1	1	
0.426758	0.001078	0.110352	0.001000	0.295898	-0.004714	0.284180	-0.001452	0.083984	0.006947	0.254883	0.002614	0.110352	-0.003973	0.262695	-0.000661	0.166016	0.359525	0.255859	0.071292	0.425781	-0.250290	0.095703	-0.083904	0.215820	0.001945	0.000315	
-1	-1	-1	-1	1	
0.493164	0.001633	0.269531	0.000554	0.187500	-0.003869	0.302734	-0.001427	0.102539	0.010003	0.269531	0.001834	0.131836	-0.004173	0.276367	-0.000615	0.180664	0.355919	0.269531	0.077386	0.017578	-0.223215	0.117188	-0.052239	0.363281	0.001861	0.000292	
-1	-1	-1	-1	1	
0.466797	0.002170	0.109375	0.001400	0.265625	-0.004237	0.273438	-0.002118	0.098633	0.009734	0.265625	0.003715	0.109375	-0.005317	0.273438	-0.001118	0.395508	0.318115	0.266602	0.098650	0.464844	-0.295903	0.095703	-0.121306	0.400391	0.001951	0.000342	
-1	-1	-1	-1	1	
0.469727	0.001081	0.110352	0.000805	0.250977	-0.004589	0.258789	-0.001833	0.088867	0.009390	0.250977	0.002880	0.110352	-0.004597	0.262695	-0.000896	0.095703	0.345553	0.253906	0.104020	0.442383	-0.226935	0.095703	-0.081321	0.343750	0.001800	0.000319	
-1	-1	-1	-1	1	
0.544922	0.001869	0.115234	0.001748	0.259766	-0.003813	0.289062	-0.001867	0.107422	0.008211	0.259766	0.003965	0.115234	-0.004385	0.266602	-0.000702	0.104492	0.321115	0.260742	0.125865	0.155273	-0.273978	0.103516	-0.087251	0.326172	0.001836	0.000313	
-1	-1	-1	-1	1	
0.482422	0.001771	0.107422	0.000947	0.308594	-0.003959	0.287109	-0.002038	0.096680	0.007216	0.258789	0.003152	0.103516	-0.003945	0.268555	-0.000886	0.159180	0.327850	0.261719	0.137220	0.137695	-0.316938	0.095703	-0.079458	0.326172	0.002159	0.000361	
-1	-1	-1	-1	1	
0.555664	0.001720	0.116211	0.001323	0.267578	-0.005424	0.274414	-0.002038	0.100586	0.008687	0.266602	0.003627	0.112305	-0.006176	0.278320	-0.000923	0.166992	0.336329	0.268555	0.110353	0.547852	-0.306060	0.103516	-0.070055	0.388672	0.002033	0.000294	
-1	-1	-1	-1	1	
0.478516	0.001543	0.112305	0.001295	0.272461	-0.005645	0.280273	-0.002222	0.101562	0.010558	0.272461	0.004332	0.108398	-0.004715	0.279297	-0.000993	0.130859	0.371333	0.271484	0.140812	0.423828	-0.282903	0.095703	-0.119377	0.372070	0.002196	0.000341	
-1	-1	-1	-1	1	
0.475586	0.003470	0.109375	0.001006	0.332031	-0.005913	0.313477	-0.003326	0.097656	0.007612	0.105469	0.007478	0.287109	-0.003612	0.293945	-0.003102	0.113281	0.399556	0.289062	0.187512	0.129883	-0.397254	0.095703	-0.117232	0.411133	0.002749	0.000400	
-1	-1	-1	-1	1	
0.533203	0.003105	0.120117	0.001635	0.308594	-0.005461	0.312500	-0.003722	0.112305	0.012014	0.308594	0.006085	0.119141	-0.005597	0.316406	-0.003664	0.515625	0.424709	0.310547	0.234972	0.506836	-0.398595	0.109375	-0.147779	0.464844	0.002508	0.000377	
-1	-1	-1	-1	1	
0.554688	0.003117	0.105469	0.001321	0.283203	-0.004762	0.290039	-0.003223	0.094727	0.008477	0.282227	0.005594	0.101562	-0.004920	0.290039	-0.001582	0.109375	0.430773	0.285156	0.189151	0.000000	-0.362475	0.095703	-0.095550	0.384766	0.002892	0.000359	
-1	-1	-1	-1	1	
0.566406	0.003404	0.110352	0.001532	0.288086	-0.005740	0.294922	-0.003795	0.098633	0.013202	0.287109	0.007825	0.106445	-0.005963	0.294922	-0.002696	0.125000	0.354971	0.288086	0.193204	0.132812	-0.390996	0.095703	-0.122715	0.412109	0.003282	0.000368	
-1	-1	-1	-1	1	
0.585938	0.002140	0.106445	0.000508	0.273438	-0.005855	0.281250	-0.002542	0.095703	0.010529	0.277344	0.006204	0.106445	-0.006206	0.284180	-0.001546	0.128906	0.380235	0.275391	0.100466	0.581055	-0.332345	0.095703	-0.087572	0.365234	0.002604	0.000303	
-1	-1	-1	-1	1	
0.585938	0.002351	0.110352	0.001375	0.325195	-0.005460	0.288086	-0.003248	0.099609	0.008340	0.284180	0.007794	0.106445	-0.005400	0.291016	-0.001772	0.114258	0.388505	0.283203	0.164779	0.133789	-0.367297	0.095703	-0.050483	0.367188	0.002435	0.000309	
-1	-1	-1	-1	1	
0.640625	0.002912	0.110352	0.001169	0.318359	-0.007038	0.291992	-0.003113	0.103516	0.011165	0.288086	0.006203	0.106445	-0.006094	0.294922	-0.001703	0.113281	0.465246	0.288086	0.151949	0.137695	-0.333888	0.095703	-0.064908	0.388672	0.003359	0.000306	
-1	-1	-1	-1	1	
0.591797	0.004861	0.075195	0.001331	0.301758	-0.007756	0.279297	-0.005009	0.064453	0.012421	0.271484	0.007291	0.072266	-0.007425	0.279297	-0.003265	0.079102	0.396739	0.271484	0.283908	0.083984	-0.386183	0.065430	-0.107903	0.431641	0.004306	0.000427	
-1	-1	-1	-1	1	
0.597656	0.003221	0.124023	0.001565	0.338867	-0.008868	0.331055	-0.005067	0.112305	0.012020	0.120117	0.010255	0.328125	-0.006519	0.334961	-0.003907	0.127930	0.485565	0.327148	0.270020	0.128906	-0.419963	0.111328	-0.057865	0.431641	0.004221	0.000358	
-1	-1	-1	-1	1	
0.596680	0.003051	0.105469	0.001942	0.312500	-0.007567	0.316406	-0.005610	0.097656	0.013061	0.312500	0.010949	0.105469	-0.007043	0.319336	-0.004483	0.120117	0.484641	0.313477	0.257488	0.114258	-0.401516	0.095703	-0.182931	0.438477	0.004222	0.000427	
-1	-1	-1	-1	1	
0.587891	0.003886	0.105469	0.002457	0.342773	-0.008578	0.328125	-0.005116	0.098633	0.013664	0.305664	0.011897	0.102539	-0.005364	0.313477	-0.004740	0.472656	0.433605	0.307617	0.270854	0.465820	-0.457112	0.105469	-0.178788	0.459961	0.003967	0.000382	
-1	-1	-1	-1	1	
0.580078	0.004217	0.107422	0.002118	0.340820	-0.011007	0.318359	-0.004980	0.099609	0.011623	0.310547	0.009051	0.103516	-0.005849	0.317383	-0.004465	0.111328	0.477757	0.311523	0.326257	0.114258	-0.424583	0.095703	-0.184153	0.431641	0.004044	0.000440	
-1	-1	-1	-1	1	
0.637695	0.002141	0.312500	0.001680	0.453125	-0.006763	0.334961	-0.003579	0.112305	0.010179	0.312500	0.007528	0.119141	-0.005793	0.323242	-0.003096	0.464844	0.446865	0.315430	0.217685	0.145508	-0.374666	0.109375	-0.195777	0.435547	0.003154	0.000421	
-1	-1	-1	-1	1	
0.623047	0.003262	0.108398	0.001911	0.301758	-0.008041	0.308594	-0.004979	0.097656	0.010674	0.301758	0.010111	0.104492	-0.005876	0.312500	-0.003186	0.123047	0.462779	0.301758	0.231171	0.115234	-0.400892	0.095703	-0.088549	0.145508	0.003893	0.000341	
-1	-1	-1	-1	1	
0.644531	0.003675	0.107422	0.001870	0.303711	-0.010499	0.326172	-0.004701	0.099609	0.011948	0.307617	0.008261	0.103516	-0.005571	0.314453	-0.003134	0.122070	0.454733	0.307617	0.201622	0.113281	-0.392562	0.095703	-0.092006	0.311523	0.003634	0.000368	
-1	-1	-1	-1	1	
