33	27	4
0.523438	0.000777	0.238281	0.000667	0.288086	-0.002309	0.250000	-0.000928	0.105469	0.004769	0.242188	0.001441	0.130859	-0.002787	0.250000	-0.000802	0.171875	0.269808	0.243164	0.087745	0.489258	-0.186660	0.111328	-0.062980	0.363281	0.001209	0.000289	
1	-1	-1	-1	
0.556641	0.000841	0.241211	0.000660	0.123047	-0.002761	0.278320	-0.001190	0.089844	0.003952	0.241211	0.002044	0.119141	-0.002112	0.249023	-0.000712	0.164062	0.258364	0.246094	0.072412	0.555664	-0.225686	0.105469	-0.058480	0.313477	0.001213	0.000279	
1	-1	-1	-1	
0.608398	0.001194	0.259766	0.001035	0.133789	-0.002708	0.266602	-0.001285	0.103516	0.005182	0.259766	0.002106	0.129883	-0.002830	0.266602	-0.000817	0.188477	0.263683	0.262695	0.085257	0.016602	-0.237741	0.119141	-0.059672	0.354492	0.001145	0.000246	
1	-1	-1	-1	
0.633789	0.001122	0.245117	0.000564	0.178711	-0.002941	0.251953	-0.001055	0.092773	0.006503	0.245117	0.001834	0.119141	-0.002679	0.255859	-0.000669	0.160156	0.280745	0.247070	0.077747	0.607422	-0.215270	0.105469	-0.061639	0.334961	0.001402	0.000250	
1	-1	-1	-1	
0.515625	0.001412	0.111328	0.001349	0.249023	-0.003107	0.256836	-0.001641	0.085938	0.006358	0.249023	0.002598	0.107422	-0.003486	0.256836	-0.000817	0.092773	0.274756	0.251953	0.078985	0.481445	-0.252150	0.095703	-0.080264	0.329102	0.001103	0.000258	
1	-1	-1	-1	
0.595703	0.001099	0.241211	0.000618	0.177734	-0.002963	0.248047	-0.001001	0.088867	0.005992	0.241211	0.001670	0.118164	-0.003022	0.251953	-0.000655	0.166992	0.294232	0.244141	0.091248	0.594727	-0.224105	0.103516	-0.070876	0.347656	0.000889	0.000172	
1	-1	-1	-1	
0.568359	0.001061	0.239258	0.000931	0.117188	-0.002363	0.247070	-0.001089	0.090820	0.004667	0.239258	0.001881	0.113281	-0.002866	0.250000	-0.000673	0.172852	0.266441	0.243164	0.095644	0.008789	-0.234089	0.102539	-0.089696	0.307617	0.000824	0.000158	
1	-1	-1	-1	
0.461914	0.002392	0.109375	0.001658	0.275391	-0.006711	0.279297	-0.002418	0.093750	0.011506	0.275391	0.005329	0.105469	-0.008191	0.282227	-0.001348	0.112305	0.352387	0.273438	0.125323	0.131836	-0.333856	0.095703	-0.068615	0.239258	0.002712	0.000309	
-1	1	-1	-1	
0.420898	0.001210	0.250977	0.001021	0.110352	-0.004731	0.281250	-0.001555	0.084961	0.008884	0.250977	0.002451	0.106445	-0.004707	0.258789	-0.000632	0.095703	0.357454	0.251953	0.088398	0.419922	-0.253583	0.095703	-0.104229	0.325195	0.001865	0.000345	
-1	1	-1	-1	
0.517578	0.001802	0.267578	0.001037	0.130859	-0.003063	0.275391	-0.001619	0.108398	0.008506	0.267578	0.002968	0.130859	-0.004202	0.275391	-0.000753	0.116211	0.284468	0.268555	0.092958	0.006836	-0.252481	0.115234	-0.077407	0.357422	0.001547	0.000304	
-1	1	-1	-1	
0.426758	0.001078	0.110352	0.001000	0.295898	-0.004714	0.284180	-0.001452	0.083984	0.006947	0.254883	0.002614	0.110352	-0.003973	0.262695	-0.000661	0.166016	0.359525	0.255859	0.071292	0.425781	-0.250290	0.095703	-0.083904	0.215820	0.001945	0.000315	
-1	1	-1	-1	
0.493164	0.001633	0.269531	0.000554	0.187500	-0.003869	0.302734	-0.001427	0.102539	0.010003	0.269531	0.001834	0.131836	-0.004173	0.276367	-0.000615	0.180664	0.355919	0.269531	0.077386	0.017578	-0.223215	0.117188	-0.052239	0.363281	0.001861	0.000292	
-1	1	-1	-1	
0.466797	0.002170	0.109375	0.001400	0.265625	-0.004237	0.273438	-0.002118	0.098633	0.009734	0.265625	0.003715	0.109375	-0.005317	0.273438	-0.001118	0.395508	0.318115	0.266602	0.098650	0.464844	-0.295903	0.095703	-0.121306	0.400391	0.001951	0.000342	
-1	1	-1	-1	
0.469727	0.001081	0.110352	0.000805	0.250977	-0.004589	0.258789	-0.001833	0.088867	0.009390	0.250977	0.002880	0.110352	-0.004597	0.262695	-0.000896	0.095703	0.345553	0.253906	0.104020	0.442383	-0.226935	0.095703	-0.081321	0.343750	0.001800	0.000319	
-1	1	-1	-1	
0.544922	0.001869	0.115234	0.001748	0.259766	-0.003813	0.289062	-0.001867	0.107422	0.008211	0.259766	0.003965	0.115234	-0.004385	0.266602	-0.000702	0.104492	0.321115	0.260742	0.125865	0.155273	-0.273978	0.103516	-0.087251	0.326172	0.001836	0.000313	
-1	1	-1	-1	
0.482422	0.001771	0.107422	0.000947	0.308594	-0.003959	0.287109	-0.002038	0.096680	0.007216	0.258789	0.003152	0.103516	-0.003945	0.268555	-0.000886	0.159180	0.327850	0.261719	0.137220	0.137695	-0.316938	0.095703	-0.079458	0.326172	0.002159	0.000361	
-1	1	-1	-1	
0.555664	0.001720	0.116211	0.001323	0.267578	-0.005424	0.274414	-0.002038	0.100586	0.008687	0.266602	0.003627	0.112305	-0.006176	0.278320	-0.000923	0.166992	0.336329	0.268555	0.110353	0.547852	-0.306060	0.103516	-0.070055	0.388672	0.002033	0.000294	
-1	1	-1	-1	
0.478516	0.001543	0.112305	0.001295	0.272461	-0.005645	0.280273	-0.002222	0.101562	0.010558	0.272461	0.004332	0.108398	-0.004715	0.279297	-0.000993	0.130859	0.371333	0.271484	0.140812	0.423828	-0.282903	0.095703	-0.119377	0.372070	0.002196	0.000341	
-1	-1	1	-1	
0.475586	0.003470	0.109375	0.001006	0.332031	-0.005913	0.313477	-0.003326	0.097656	0.007612	0.105469	0.007478	0.287109	-0.003612	0.293945	-0.003102	0.113281	0.399556	0.289062	0.187512	0.129883	-0.397254	0.095703	-0.117232	0.411133	0.002749	0.000400	
-1	-1	1	-1	
0.533203	0.003105	0.120117	0.001635	0.308594	-0.005461	0.312500	-0.003722	0.112305	0.012014	0.308594	0.006085	0.119141	-0.005597	0.316406	-0.003664	0.515625	0.424709	0.310547	0.234972	0.506836	-0.398595	0.109375	-0.147779	0.464844	0.002508	0.000377	
-1	-1	1	-1	
0.554688	0.003117	0.105469	0.001321	0.283203	-0.004762	0.290039	-0.003223	0.094727	0.008477	0.282227	0.005594	0.101562	-0.004920	0.290039	-0.001582	0.109375	0.430773	0.285156	0.189151	0.000000	-0.362475	0.095703	-0.095550	0.384766	0.002892	0.000359	
-1	-1	1	-1	
0.566406	0.003404	0.110352	0.001532	0.288086	-0.005740	0.294922	-0.003795	0.098633	0.013202	0.287109	0.007825	0.106445	-0.005963	0.294922	-0.002696	0.125000	0.354971	0.288086	0.193204	0.132812	-0.390996	0.095703	-0.122715	0.412109	0.003282	0.000368	
-1	-1	1	-1	
0.585938	0.002140	0.106445	0.000508	0.273438	-0.005855	0.281250	-0.002542	0.095703	0.010529	0.277344	0.006204	0.106445	-0.006206	0.284180	-0.001546	0.128906	0.380235	0.275391	0.100466	0.581055	-0.332345	0.095703	-0.087572	0.365234	0.002604	0.000303	
-1	-1	1	-1	
0.585938	0.002351	0.110352	0.001375	0.325195	-0.005460	0.288086	-0.003248	0.099609	0.008340	0.284180	0.007794	0.106445	-0.005400	0.291016	-0.001772	0.114258	0.388505	0.283203	0.164779	0.133789	-0.367297	0.095703	-0.050483	0.367188	0.002435	0.000309	
-1	-1	1	-1	
0.640625	0.002912	0.110352	0.001169	0.318359	-0.007038	0.291992	-0.003113	0.103516	0.011165	0.288086	0.006203	0.106445	-0.006094	0.294922	-0.001703	0.113281	0.465246	0.288086	0.151949	0.137695	-0.333888	0.095703	-0.064908	0.388672	0.003359	0.000306	
-1	-1	1	-1	
0.591797	0.004861	0.075195	0.001331	0.301758	-0.007756	0.279297	-0.005009	0.064453	0.012421	0.271484	0.007291	0.072266	-0.007425	0.279297	-0.003265	0.079102	0.396739	0.271484	0.283908	0.083984	-0.386183	0.065430	-0.107903	0.431641	0.004306	0.000427	
-1	-1	-1	1	
0.597656	0.003221	0.124023	0.001565	0.338867	-0.008868	0.331055	-0.005067	0.112305	0.012020	0.120117	0.010255	0.328125	-0.006519	0.334961	-0.003907	0.127930	0.485565	0.327148	0.270020	0.128906	-0.419963	0.111328	-0.057865	0.431641	0.004221	0.000358	
-1	-1	-1	1	
0.596680	0.003051	0.105469	0.001942	0.312500	-0.007567	0.316406	-0.005610	0.097656	0.013061	0.312500	0.010949	0.105469	-0.007043	0.319336	-0.004483	0.120117	0.484641	0.313477	0.257488	0.114258	-0.401516	0.095703	-0.182931	0.438477	0.004222	0.000427	
-1	-1	-1	1	
0.587891	0.003886	0.105469	0.002457	0.342773	-0.008578	0.328125	-0.005116	0.098633	0.013664	0.305664	0.011897	0.102539	-0.005364	0.313477	-0.004740	0.472656	0.433605	0.307617	0.270854	0.465820	-0.457112	0.105469	-0.178788	0.459961	0.003967	0.000382	
-1	-1	-1	1	
0.580078	0.004217	0.107422	0.002118	0.340820	-0.011007	0.318359	-0.004980	0.099609	0.011623	0.310547	0.009051	0.103516	-0.005849	0.317383	-0.004465	0.111328	0.477757	0.311523	0.326257	0.114258	-0.424583	0.095703	-0.184153	0.431641	0.004044	0.000440	
-1	-1	-1	1	
0.637695	0.002141	0.312500	0.001680	0.453125	-0.006763	0.334961	-0.003579	0.112305	0.010179	0.312500	0.007528	0.119141	-0.005793	0.323242	-0.003096	0.464844	0.446865	0.315430	0.217685	0.145508	-0.374666	0.109375	-0.195777	0.435547	0.003154	0.000421	
-1	-1	-1	1	
0.623047	0.003262	0.108398	0.001911	0.301758	-0.008041	0.308594	-0.004979	0.097656	0.010674	0.301758	0.010111	0.104492	-0.005876	0.312500	-0.003186	0.123047	0.462779	0.301758	0.231171	0.115234	-0.400892	0.095703	-0.088549	0.145508	0.003893	0.000341	
-1	-1	-1	1	
0.644531	0.003675	0.107422	0.001870	0.303711	-0.010499	0.326172	-0.004701	0.099609	0.011948	0.307617	0.008261	0.103516	-0.005571	0.314453	-0.003134	0.122070	0.454733	0.307617	0.201622	0.113281	-0.392562	0.095703	-0.092006	0.311523	0.003634	0.000368	
-1	-1	-1	1	
