75	27	4
0.548828	0.001849	0.462891	0.001015	0.164062	-0.003636	0.452148	-0.002087	0.152344	0.002221	0.407227	0.002149	0.108398	-0.001039	0.281250	-0.000662	0.547852	0.246112	0.456055	0.206609	0.163086	-0.456120	0.385742	-0.445317	0.086914	0.001185	0.000398	
1	-1	-1	-1	
0.328125	0.001592	0.207031	0.000844	0.088867	-0.003223	0.196289	-0.000956	0.262695	0.002292	0.155273	0.001348	0.209961	-0.001067	0.028320	-0.001016	0.322266	0.249971	0.199219	0.143860	0.029297	-0.476505	0.130859	-0.184919	0.081055	0.001258	0.000376	
1	-1	-1	-1	
0.290039	0.001650	0.168945	0.000760	0.049805	-0.004882	0.157227	-0.000966	0.227539	0.002393	0.112305	0.002167	0.171875	-0.001029	0.283203	-0.000980	0.000000	0.276644	0.161133	0.131030	0.000977	-0.502105	0.095703	-0.233795	0.045898	0.001530	0.000398	
1	-1	-1	-1	
0.262695	0.001460	0.174805	0.000821	0.052734	-0.003897	0.164062	-0.000833	0.231445	0.002275	0.119141	0.001825	0.178711	-0.001010	0.000000	-0.000552	0.252930	0.254188	0.166992	0.125457	0.000000	-0.462811	0.095703	-0.177051	0.045898	0.001369	0.000391	
1	-1	-1	-1	
0.291992	0.001443	0.208984	0.000943	0.086914	-0.002877	0.194336	-0.000993	0.256836	0.002316	0.149414	0.001474	0.208984	-0.000958	0.027344	-0.000643	0.279297	0.248392	0.207031	0.139450	0.031250	-0.475626	0.126953	-0.185515	0.077148	0.001267	0.000385	
1	-1	-1	-1	
0.322266	0.001767	0.206055	0.000932	0.080078	-0.003405	0.195312	-0.000928	0.257812	0.002444	0.150391	0.001951	0.206055	-0.000974	0.309570	-0.000961	0.032227	0.251894	0.197266	0.145037	0.319336	-0.494580	0.129883	-0.186066	0.079102	0.001542	0.000396	
1	-1	-1	-1	
0.244141	0.001549	0.173828	0.000978	0.050781	-0.004384	0.162109	-0.001022	0.225586	0.002395	0.114258	0.001795	0.176758	-0.000812	0.000000	-0.000560	0.240234	0.263755	0.165039	0.143994	0.000000	-0.509839	0.095703	-0.187154	0.044922	0.001379	0.000417	
1	-1	-1	-1	
0.297852	0.001768	0.214844	0.000956	0.096680	-0.004220	0.203125	-0.001135	0.266602	0.002432	0.159180	0.002391	0.218750	-0.001000	0.040039	-0.000666	0.289062	0.264053	0.207031	0.153367	0.046875	-0.500824	0.137695	-0.171329	0.086914	0.001347	0.000408	
1	-1	-1	-1	
0.327148	0.001880	0.209961	0.000993	0.087891	-0.003665	0.198242	-0.001216	0.261719	0.002491	0.191406	0.000679	0.138672	-0.000981	0.325195	-0.000945	0.020508	0.251342	0.201172	0.168462	0.326172	-0.491853	0.133789	-0.205110	0.083008	0.001383	0.000363	
1	-1	-1	-1	
0.292969	0.001535	0.171875	0.001013	0.049805	-0.003550	0.161133	-0.000929	0.223633	0.002557	0.116211	0.001886	0.175781	-0.000981	0.000000	-0.000971	0.287109	0.260586	0.166016	0.168462	0.000000	-0.503784	0.095703	-0.209218	0.045898	0.001363	0.000399	
1	-1	-1	-1	
0.287109	0.001801	0.167969	0.000947	0.049805	-0.003829	0.153320	-0.000993	0.219727	0.002359	0.134766	0.000583	0.211914	-0.000937	0.286133	-0.000918	0.000000	0.286692	0.159180	0.173980	0.286133	-0.515228	0.095703	-0.219262	0.045898	0.001524	0.000429	
1	-1	-1	-1	
0.264648	0.001585	0.176758	0.001017	0.050781	-0.004028	0.166016	-0.000985	0.228516	0.002377	0.117188	0.001552	0.176758	-0.000937	0.000000	-0.000596	0.250977	0.257725	0.168945	0.173980	0.000000	-0.509924	0.095703	-0.179192	0.044922	0.001479	0.000427	
1	-1	-1	-1	
0.297852	0.001922	0.202148	0.001314	0.083984	-0.003530	0.187500	-0.001038	0.253906	0.002622	0.150391	0.001250	0.202148	-0.000929	0.016602	-0.000614	0.272461	0.284353	0.193359	0.178331	0.029297	-0.502905	0.126953	-0.200456	0.077148	0.001531	0.000422	
1	-1	-1	-1	
0.282227	0.001450	0.192383	0.001146	0.071289	-0.005407	0.181641	-0.000883	0.245117	0.002588	0.133789	0.002481	0.192383	-0.000893	0.018555	-0.000578	0.266602	0.285515	0.191406	0.164473	0.021484	-0.524169	0.113281	-0.176644	0.063477	0.001651	0.000432	
1	-1	-1	-1	
0.317383	0.001408	0.204102	0.001103	0.081055	-0.004122	0.188477	-0.001004	0.251953	0.002399	0.148438	0.001279	0.203125	-0.000941	0.314453	-0.000921	0.025391	0.257546	0.193359	0.175858	0.315430	-0.491461	0.126953	-0.209501	0.077148	0.001465	0.000407	
1	-1	-1	-1	
0.295898	0.001619	0.175781	0.001164	0.057617	-0.004030	0.165039	-0.000947	0.227539	0.002491	0.120117	0.001793	0.179688	-0.000955	0.000977	-0.000900	0.279297	0.263059	0.169922	0.180641	0.291992	-0.492176	0.095703	-0.127143	0.045898	0.001347	0.000445	
1	-1	-1	-1	
0.435547	0.002706	0.338867	0.002212	0.058594	-0.004762	0.328125	-0.003566	0.051758	0.003774	0.287109	0.003373	0.006836	-0.001095	0.118164	-0.001003	0.167969	0.301735	0.332031	0.276702	0.053711	-0.585554	0.260742	-0.501512	0.000000	0.002117	0.000581	
-1	1	-1	-1	
0.267578	0.002458	0.183594	0.001700	0.061523	-0.005374	0.171875	-0.001343	0.221680	0.003163	0.131836	0.002064	0.183594	-0.000911	0.006836	-0.000809	0.239258	0.305118	0.174805	0.214549	0.003906	-0.580935	0.095703	-0.178916	0.145508	0.002150	0.000585	
-1	1	-1	-1	
0.285156	0.002313	0.198242	0.001785	0.075195	-0.005515	0.186523	-0.001718	0.238281	0.003066	0.141602	0.002642	0.197266	-0.001044	0.256836	-0.000955	0.015625	0.298398	0.197266	0.189470	0.023438	-0.566332	0.111328	-0.150843	0.257812	0.002046	0.000577	
-1	1	-1	-1	
0.260742	0.002249	0.190430	0.001670	0.075195	-0.004425	0.182617	-0.001331	0.234375	0.003479	0.138672	0.001898	0.194336	-0.000937	0.012695	-0.000928	0.252930	0.307130	0.186523	0.224547	0.011719	-0.582231	0.095703	-0.392390	0.145508	0.002037	0.000598	
-1	1	-1	-1	
0.293945	0.001976	0.214844	0.001719	0.092773	-0.006144	0.208008	-0.001372	0.257812	0.003167	0.163086	0.001968	0.218750	-0.001018	0.273438	-0.000895	0.037109	0.312569	0.209961	0.187667	0.039062	-0.566466	0.123047	-0.286547	0.172852	0.001982	0.000550	
-1	1	-1	-1	
0.302734	0.002114	0.205078	0.001758	0.083984	-0.005051	0.198242	-0.001531	0.248047	0.003345	0.150391	0.002450	0.208984	-0.001020	0.264648	-0.000912	0.028320	0.304597	0.198242	0.220748	0.025391	-0.572665	0.115234	-0.197588	0.165039	0.002039	0.000581	
-1	1	-1	-1	
0.295898	0.002266	0.183594	0.001780	0.054688	-0.006042	0.172852	-0.001596	0.224609	0.003464	0.131836	0.001894	0.183594	-0.001060	0.239258	-0.000948	0.289062	0.306787	0.175781	0.234323	0.283203	-0.574512	0.095703	-0.166638	0.145508	0.002060	0.000557	
-1	1	-1	-1	
0.234375	0.002602	0.169922	0.001793	0.050781	-0.004518	0.155273	-0.001661	0.214844	0.003465	0.114258	0.001852	0.169922	-0.001152	0.225586	-0.000771	0.021484	0.329869	0.160156	0.205087	0.000000	-0.585554	0.073242	-0.363214	0.123047	0.001968	0.000565	
-1	1	-1	-1	
0.327148	0.002489	0.208984	0.001772	0.094727	-0.005469	0.202148	-0.001617	0.253906	0.003369	0.161133	0.001897	0.212891	-0.001153	0.317383	-0.000918	0.265625	0.329854	0.205078	0.237124	0.037109	-0.585554	0.119141	-0.352530	0.168945	0.002231	0.000638	
-1	1	-1	-1	
0.280273	0.001981	0.165039	0.001947	0.045898	-0.006607	0.157227	-0.001395	0.207031	0.003809	0.112305	0.002015	0.164062	-0.001022	0.264648	-0.000898	0.000000	0.340642	0.162109	0.226597	0.265625	-0.585554	0.066406	-0.444172	0.116211	0.002286	0.000605	
-1	1	-1	-1	
0.273438	0.002122	0.168945	0.001984	0.042969	-0.005403	0.154297	-0.001552	0.206055	0.003787	0.110352	0.001763	0.160156	-0.000970	0.220703	-0.000832	0.270508	0.364165	0.157227	0.222410	0.267578	-0.590463	0.063477	-0.444894	0.113281	0.002085	0.000556	
-1	1	-1	-1	
0.236328	0.002640	0.172852	0.001924	0.054688	-0.005861	0.162109	-0.001587	0.213867	0.003538	0.121094	0.001773	0.172852	-0.000820	0.228516	-0.000806	0.000000	0.332559	0.165039	0.219668	0.000000	-0.590463	0.075195	-0.439634	0.125000	0.002117	0.000596	
-1	1	-1	-1	
0.297852	0.002650	0.222656	0.001977	0.096680	-0.004335	0.211914	-0.001494	0.261719	0.003678	0.163086	0.002429	0.222656	-0.000948	0.277344	-0.000915	0.022461	0.338639	0.211914	0.248383	0.039062	-0.590463	0.113281	-0.464891	0.163086	0.002112	0.000618	
-1	1	-1	-1	
0.291016	0.002296	0.202148	0.001911	0.083984	-0.005938	0.191406	-0.001564	0.241211	0.003326	0.150391	0.001456	0.202148	-0.000988	0.257812	-0.000841	0.020508	0.322650	0.193359	0.224675	0.022461	-0.586917	0.121094	-0.178550	0.071289	0.002088	0.000585	
-1	1	-1	-1	
0.263672	0.002170	0.195312	0.001747	0.074219	-0.006896	0.184570	-0.001331	0.234375	0.003267	0.139648	0.002147	0.195312	-0.001103	0.247070	-0.000934	0.010742	0.312264	0.185547	0.210429	0.009766	-0.576099	0.095703	-0.352462	0.145508	0.002347	0.000581	
-1	1	-1	-1	
0.313477	0.002182	0.212891	0.001891	0.094727	-0.005738	0.202148	-0.001548	0.253906	0.003493	0.157227	0.001403	0.207031	-0.001143	0.268555	-0.000947	0.031250	0.350351	0.205078	0.221352	0.312500	-0.590463	0.126953	-0.163947	0.270508	0.002135	0.000560	
-1	1	-1	-1	
0.291016	0.002485	0.176758	0.002025	0.062500	-0.005218	0.166016	-0.001680	0.217773	0.003746	0.125000	0.001668	0.180664	-0.001054	0.232422	-0.000800	0.282227	0.306736	0.168945	0.255848	0.278320	-0.590463	0.079102	-0.415628	0.128906	0.002083	0.000637	
-1	1	-1	-1	
0.230469	0.002888	0.160156	0.002150	0.044922	-0.004932	0.153320	-0.001802	0.203125	0.004221	0.112305	0.002108	0.164062	-0.001105	0.215820	-0.000679	0.015625	0.339935	0.153320	0.224988	0.000000	-0.590463	0.061523	-0.476842	0.111328	0.002231	0.000632	
-1	1	-1	-1	
0.411133	0.005997	0.043945	0.003750	0.301758	-0.009607	0.036133	-0.005130	0.297852	0.006506	0.002930	0.005746	0.253906	-0.001204	0.195312	-0.001177	0.375977	0.340560	0.036133	0.340157	0.296875	-0.635288	0.000000	-0.635288	0.199219	0.003945	0.001006	
-1	-1	1	-1	
0.246094	0.003710	0.040039	0.003381	0.143555	-0.005025	0.135742	-0.002057	0.187500	0.006104	0.101562	0.002292	0.198242	-0.001688	0.191406	-0.001391	0.042969	0.340560	0.230469	0.339844	0.135742	-0.635288	0.043945	-0.635288	0.093750	0.003134	0.000904	
-1	-1	1	-1	
0.238281	0.003999	0.141602	0.003609	0.041016	-0.004999	0.133789	-0.002606	0.185547	0.006815	0.100586	0.002526	0.201172	-0.001790	0.193359	-0.001605	0.137695	0.339919	0.131836	0.338518	0.228516	-0.635288	0.045898	-0.635288	0.095703	0.002950	0.000919	
-1	-1	1	-1	
0.235352	0.004624	0.136719	0.003718	0.037109	-0.006291	0.133789	-0.002411	0.185547	0.006573	0.099609	0.002657	0.195312	-0.001511	0.184570	-0.001494	0.043945	0.340545	0.131836	0.330039	0.225586	-0.635288	0.045898	-0.635288	0.095703	0.003237	0.000963	
-1	-1	1	-1	
0.238281	0.004426	0.138672	0.003660	0.039062	-0.007696	0.130859	-0.002715	0.182617	0.006363	0.101562	0.002646	0.197266	-0.001826	0.186523	-0.001469	0.041992	0.340545	0.131836	0.300699	0.225586	-0.635288	0.045898	-0.635288	0.095703	0.003328	0.001000	
-1	-1	1	-1	
0.236328	0.004854	0.137695	0.003561	0.037109	-0.009135	0.129883	-0.002332	0.185547	0.006487	0.099609	0.002559	0.196289	-0.001836	0.185547	-0.001419	0.007812	0.340560	0.129883	0.329652	0.223633	-0.635288	0.043945	-0.635288	0.093750	0.003699	0.001027	
-1	-1	1	-1	
0.242188	0.003925	0.141602	0.003705	0.041992	-0.005591	0.134766	-0.002011	0.190430	0.006372	0.100586	0.002267	0.201172	-0.001597	0.193359	-0.001423	0.044922	0.340560	0.137695	0.274130	0.227539	-0.635288	0.044922	-0.635288	0.094727	0.003368	0.001041	
-1	-1	1	-1	
0.239258	0.003767	0.144531	0.003260	0.041016	-0.005861	0.136719	-0.002427	0.186523	0.006146	0.103516	0.002417	0.200195	-0.001719	0.192383	-0.001256	0.033203	0.340560	0.135742	0.301221	0.225586	-0.635288	0.047852	-0.634751	0.097656	0.003257	0.001044	
-1	-1	1	-1	
0.248047	0.004641	0.142578	0.003411	0.039062	-0.007115	0.134766	-0.001876	0.001953	0.006058	0.101562	0.002225	0.202148	-0.001344	0.012695	-0.001192	0.194336	0.340560	0.137695	0.308075	0.234375	-0.635288	0.045898	-0.635288	0.095703	0.003665	0.001056	
-1	-1	1	-1	
0.247070	0.003789	0.150391	0.003534	0.042969	-0.009626	0.142578	-0.002172	0.192383	0.007465	0.142578	0.002340	0.090820	-0.001472	0.195312	-0.001229	0.005859	0.339025	0.142578	0.262656	0.228516	-0.635288	0.046875	-0.635288	0.096680	0.004002	0.000963	
-1	-1	1	-1	
0.248047	0.003626	0.140625	0.003172	0.033203	-0.007641	0.132812	-0.002038	0.188477	0.005897	0.103516	0.002127	0.204102	-0.001512	0.188477	-0.001309	0.014648	0.340560	0.137695	0.295499	0.233398	-0.635288	0.046875	-0.635288	0.096680	0.003477	0.001000	
-1	-1	1	-1	
0.249023	0.003593	0.144531	0.003458	0.041016	-0.008352	0.137695	-0.001506	0.233398	0.005989	0.103516	0.001756	0.203125	-0.001281	0.195312	-0.001145	0.043945	0.339206	0.139648	0.268544	0.233398	-0.635288	0.047852	-0.635198	0.097656	0.003568	0.000957	
-1	-1	1	-1	
0.253906	0.004012	0.151367	0.003284	0.043945	-0.006597	0.143555	-0.002030	0.240234	0.005554	0.106445	0.001853	0.209961	-0.001185	0.202148	-0.001130	0.006836	0.339206	0.145508	0.281494	0.241211	-0.636641	0.047852	-0.636016	0.097656	0.003448	0.000965	
-1	-1	1	-1	
0.253906	0.003909	0.152344	0.003491	0.041016	-0.007927	0.145508	-0.001711	0.000977	0.005818	0.104492	0.002044	0.211914	-0.001258	0.201172	-0.001196	0.011719	0.339206	0.147461	0.325854	0.240234	-0.636641	0.047852	-0.635420	0.097656	0.003835	0.000977	
-1	-1	1	-1	
0.245117	0.003931	0.150391	0.003522	0.042969	-0.004953	0.142578	-0.002410	0.198242	0.006994	0.106445	0.002014	0.156250	-0.001668	0.198242	-0.001165	0.036133	0.338982	0.141602	0.322934	0.233398	-0.636641	0.049805	-0.617210	0.099609	0.003020	0.000913	
-1	-1	1	-1	
0.248047	0.003621	0.138672	0.003546	0.039062	-0.007714	0.131836	-0.002011	0.228516	0.006825	0.102539	0.002326	0.202148	-0.001502	0.042969	-0.001279	0.194336	0.339206	0.134766	0.302370	0.235352	-0.636641	0.046875	-0.636641	0.096680	0.003262	0.000960	
-1	-1	1	-1	
0.242188	0.004626	0.143555	0.003511	0.032227	-0.011129	0.136719	-0.002221	0.225586	0.007585	0.135742	0.002065	0.199219	-0.001279	0.042969	-0.000967	0.188477	0.335868	0.137695	0.314336	0.231445	-0.636641	0.042969	-0.636641	0.092773	0.003847	0.000921	
-1	-1	1	-1	
0.255859	0.004366	0.149414	0.003426	0.041992	-0.009261	0.142578	-0.001746	0.198242	0.006005	0.105469	0.002075	0.212891	-0.001420	0.031250	-0.001170	0.223633	0.339206	0.145508	0.297751	0.237305	-0.636641	0.047852	-0.636299	0.097656	0.003895	0.000982	
-1	-1	1	-1	
0.249023	0.003864	0.142578	0.003169	0.041992	-0.007865	0.134766	-0.002128	0.186523	0.005622	0.100586	0.002322	0.200195	-0.001727	0.193359	-0.001332	0.041992	0.338803	0.137695	0.286530	0.231445	-0.636641	0.047852	-0.633482	0.097656	0.003373	0.000903	
-1	-1	1	-1	
0.252930	0.003444	0.147461	0.003146	0.040039	-0.006749	0.140625	-0.001889	0.237305	0.005916	0.103516	0.002241	0.207031	-0.001289	0.192383	-0.001255	0.011719	0.339206	0.143555	0.339206	0.235352	-0.636641	0.045898	-0.636641	0.095703	0.003057	0.000914	
-1	-1	1	-1	
0.375977	0.008427	0.324219	0.007419	0.134766	-0.009142	0.131836	-0.009025	0.316406	0.014006	0.316406	0.010402	0.127930	-0.005125	0.134766	-0.003839	0.320312	0.376866	0.000000	0.376866	0.185547	-0.598981	0.057617	-0.598981	0.246094	0.005359	0.001741	
-1	-1	-1	1	
0.377930	0.008698	0.129883	0.005849	0.318359	-0.009371	0.314453	-0.006178	0.125977	0.013028	0.122070	0.009496	0.310547	-0.005322	0.318359	-0.004340	0.129883	0.377045	0.365234	0.376866	0.000000	-0.598981	0.057617	-0.598981	0.242188	0.004741	0.001509	
-1	-1	-1	1	
0.191406	0.005693	0.136719	0.003547	0.047852	-0.010882	0.128906	-0.005954	0.006836	0.009540	0.125000	0.003348	0.180664	-0.005698	0.132812	-0.003650	0.025391	0.376866	0.000000	0.376866	0.127930	-0.598981	0.053711	-0.437691	0.103516	0.005024	0.001607	
-1	-1	-1	1	
0.194336	0.008781	0.133789	0.003842	0.044922	-0.008133	0.125977	-0.005652	0.007812	0.013884	0.125977	0.003937	0.177734	-0.003317	0.026367	-0.003038	0.129883	0.376866	0.000000	0.376866	0.183594	-0.598981	0.053711	-0.416382	0.103516	0.004829	0.001613	
-1	-1	-1	1	
0.193359	0.006531	0.139648	0.003802	0.046875	-0.011233	0.131836	-0.006216	0.001953	0.011655	0.131836	0.002659	0.181641	-0.003563	0.135742	-0.003466	0.042969	0.376866	0.000000	0.376866	0.131836	-0.598981	0.051758	-0.488966	0.101562	0.005016	0.001611	
-1	-1	-1	1	
0.191406	0.006958	0.134766	0.004038	0.045898	-0.009947	0.126953	-0.005203	0.005859	0.012740	0.126953	0.003053	0.178711	-0.005163	0.130859	-0.003445	0.041992	0.376866	0.000000	0.376866	0.183594	-0.598981	0.051758	-0.433921	0.101562	0.005009	0.001613	
-1	-1	-1	1	
0.146484	0.005965	0.134766	0.004157	0.046875	-0.010607	0.127930	-0.006173	0.005859	0.009719	0.124023	0.001284	0.001953	-0.005821	0.130859	-0.003445	0.028320	0.376866	0.000000	0.376851	0.135742	-0.598981	0.053711	-0.431135	0.103516	0.005142	0.001545	
-1	-1	-1	1	
0.239258	0.007326	0.181641	0.004158	0.092773	-0.011060	0.174805	-0.006468	0.051758	0.010044	0.152344	0.003529	0.033203	-0.006282	0.177734	-0.003450	0.088867	0.376866	0.039062	0.376866	0.231445	-0.598981	0.101562	-0.462770	0.151367	0.005198	0.001751	
-1	-1	-1	1	
0.404297	0.008187	0.138672	0.005035	0.346680	-0.006163	0.130859	-0.005955	0.005859	0.013080	0.130859	0.011300	0.338867	-0.003643	0.223633	-0.003369	0.024414	0.376866	0.000000	0.376866	0.187500	-0.598981	0.053711	-0.598981	0.253906	0.004249	0.001572	
-1	-1	-1	1	
0.206055	0.005145	0.146484	0.003952	0.045898	-0.009080	0.138672	-0.005010	0.004883	0.008785	0.134766	0.002118	0.186523	-0.004081	0.142578	-0.003323	0.027344	0.376866	0.000000	0.376866	0.191406	-0.598981	0.053711	-0.491082	0.103516	0.004554	0.001593	
-1	-1	-1	1	
0.200195	0.005748	0.139648	0.003647	0.046875	-0.005690	0.135742	-0.004493	0.199219	0.012310	0.131836	0.002932	0.187500	-0.003578	0.024414	-0.003127	0.180664	0.376866	0.000000	0.376866	0.191406	-0.598981	0.053711	-0.482499	0.103516	0.004266	0.001535	
-1	-1	-1	1	
0.207031	0.007507	0.139648	0.003673	0.046875	-0.004963	0.002930	-0.004743	0.206055	0.012095	0.131836	0.003682	0.183594	-0.003245	0.024414	-0.002404	0.176758	0.377104	0.191406	0.376866	0.000000	-0.598981	0.054688	-0.483631	0.104492	0.004004	0.001728	
-1	-1	-1	1	
0.202148	0.007534	0.135742	0.003449	0.043945	-0.011264	0.128906	-0.005167	0.002930	0.011087	0.128906	0.003069	0.184570	-0.005630	0.131836	-0.002997	0.021484	0.377104	0.000000	0.377104	0.187500	-0.598743	0.049805	-0.546068	0.099609	0.004340	0.001375	
-1	-1	-1	1	
0.157227	0.005656	0.137695	0.003789	0.044922	-0.007422	0.133789	-0.005140	0.004883	0.011539	0.129883	0.000802	0.000000	-0.002965	0.022461	-0.002083	0.137695	0.377104	0.000000	0.375957	0.131836	-0.598743	0.051758	-0.509485	0.101562	0.004195	0.001303	
-1	-1	-1	1	
0.256836	0.006181	0.188477	0.003192	0.095703	-0.006773	0.180664	-0.004719	0.254883	0.013742	0.180664	0.003231	0.236328	-0.002934	0.070312	-0.002654	0.017578	0.377104	0.032227	0.377104	0.245117	-0.598743	0.101562	-0.515088	0.151367	0.003805	0.001443	
-1	-1	-1	1	
0.203125	0.006259	0.138672	0.003622	0.042969	-0.011224	0.130859	-0.004745	0.001953	0.009946	0.130859	0.002979	0.182617	-0.005374	0.134766	-0.002948	0.020508	0.377104	0.000000	0.377104	0.189453	-0.598743	0.049805	-0.550821	0.099609	0.004558	0.001387	
-1	-1	-1	1	
0.213867	0.005512	0.142578	0.003118	0.046875	-0.010953	0.135742	-0.004968	0.208984	0.010546	0.134766	0.002872	0.186523	-0.002865	0.175781	-0.002858	0.020508	0.377104	0.000000	0.377104	0.191406	-0.598743	0.051758	-0.520468	0.101562	0.004334	0.001300	
-1	-1	-1	1	
0.215820	0.005405	0.139648	0.003566	0.040039	-0.011718	0.132812	-0.004362	0.000000	0.009727	0.132812	0.002449	0.182617	-0.003099	0.032227	-0.002990	0.172852	0.377104	0.000000	0.377104	0.188477	-0.598743	0.043945	-0.598743	0.093750	0.004251	0.001249	
-1	-1	-1	1	
0.211914	0.005370	0.146484	0.002843	0.042969	-0.011346	0.138672	-0.004017	0.201172	0.010465	0.138672	0.003240	0.086914	-0.003274	0.179688	-0.002891	0.035156	0.377104	0.000000	0.377104	0.196289	-0.598743	0.045898	-0.598743	0.095703	0.004390	0.001202	
-1	-1	-1	1	
0.223633	0.006144	0.145508	0.003080	0.041016	-0.010689	0.137695	-0.004599	0.214844	0.010225	0.137695	0.002480	0.189453	-0.002842	0.178711	-0.002820	0.019531	0.377104	0.000000	0.377104	0.195312	-0.598743	0.049805	-0.553697	0.099609	0.004088	0.001191	
-1	-1	-1	1	
0.250977	0.005591	0.143555	0.002966	0.036133	-0.007445	0.139648	-0.003062	0.002930	0.011159	0.139648	0.002927	0.083984	-0.003209	0.180664	-0.002690	0.028320	0.377104	0.000000	0.377104	0.139648	-0.598743	0.041992	-0.598743	0.091797	0.004239	0.001270	
-1	-1	-1	1	
