36	27	4
0.500000	0.000597	0.044922	0.000508	0.966797	-0.000457	0.419922	-0.000171	0.349609	0.000599	0.405273	0.000468	0.026367	-0.001032	0.419922	-0.000402	0.056641	0.047038	0.415039	0.041465	0.922852	-0.158404	0.128906	-0.134607	0.178711	0.000354	0.000085	
1	-1	-1	-1	
0.500000	0.000583	0.010742	0.000554	0.955078	-0.000368	0.465820	-0.000167	0.250977	0.000483	0.054688	0.000398	0.000000	-0.000667	0.447266	-0.000423	0.332031	0.052432	0.943359	0.040750	0.877930	-0.196238	0.174805	-0.160312	0.125000	0.000370	0.000088	
1	-1	-1	-1	
0.500000	0.000681	0.025391	0.000651	0.970703	-0.000712	0.424805	-0.000186	0.169922	0.000868	0.398438	0.000544	0.013672	-0.001067	0.414062	-0.000618	0.036133	0.069078	0.922852	0.065860	0.434570	-0.178595	0.122070	-0.163858	0.072266	0.000420	0.000065	
1	-1	-1	-1	
0.643555	0.000791	0.053711	0.000493	0.616211	-0.000961	0.378906	-0.000187	0.327148	0.000441	0.353516	0.000335	0.045898	-0.001429	0.368164	-0.000808	0.064453	0.078059	0.386719	0.064990	0.000000	-0.198343	0.145508	-0.171253	0.095703	0.000570	0.000079	
-1	1	-1	-1	
0.675781	0.000950	0.080078	0.000490	0.632812	-0.000845	0.343750	-0.000682	0.040039	0.000488	0.032227	0.000484	0.335938	-0.001206	0.087891	-0.001200	0.343750	0.113926	0.046875	0.072620	0.341797	-0.233718	0.155273	-0.169137	0.105469	0.000499	0.000081	
-1	1	-1	-1	
0.633789	0.001152	0.060547	0.000264	0.590820	-0.000851	0.308594	-0.000642	0.012695	0.000528	0.304688	0.000449	0.157227	-0.001436	0.071289	-0.001224	0.319336	0.116966	0.023438	0.064007	0.317383	-0.237012	0.130859	-0.164041	0.180664	0.000534	0.000091	
-1	1	-1	-1	
0.683594	0.000903	0.064453	0.000622	0.682617	-0.000893	0.331055	-0.000310	0.008789	0.000759	0.315430	0.000422	0.000977	-0.001715	0.331055	-0.001142	0.075195	0.083317	0.659180	0.081709	0.019531	-0.222468	0.119141	-0.186497	0.168945	0.000531	0.000103	
-1	1	-1	-1	
0.600586	0.000811	0.014648	0.000386	0.555664	-0.000868	0.299805	-0.000152	0.541016	0.000685	0.040039	0.000665	0.289062	-0.001651	0.299805	-0.001096	0.029297	0.077580	0.599609	0.076775	0.297852	-0.210862	0.111328	-0.165458	0.061523	0.000561	0.000084	
-1	1	-1	-1	
0.622070	0.001014	0.047852	0.000512	0.598633	-0.000861	0.308594	-0.000491	0.620117	0.000871	0.296875	0.000428	0.042969	-0.001567	0.307617	-0.001489	0.059570	0.095059	0.013672	0.068878	0.621094	-0.230397	0.120117	-0.151853	0.170898	0.000548	0.000084	
-1	1	-1	-1	
0.375000	0.001092	0.256836	0.001040	0.054688	-0.002499	0.246094	-0.002268	0.029297	0.001098	0.139648	0.000806	0.223633	-0.001666	0.062500	-0.001634	0.239258	0.145631	0.250000	0.104012	0.033203	-0.361441	0.117188	-0.180376	0.166992	0.001168	0.000220	
-1	-1	1	-1	
0.312500	0.001167	0.043945	0.000374	0.309570	-0.001157	0.014648	-0.001109	0.184570	0.001670	0.172852	0.000934	0.121094	-0.002441	0.183594	-0.001833	0.047852	0.129746	0.024414	0.073554	0.196289	-0.351129	0.095703	-0.152318	0.145508	0.000963	0.000217	
-1	-1	1	-1	
0.334961	0.001487	0.074219	0.000389	0.244141	-0.001173	0.192383	-0.001035	0.048828	0.001693	0.155273	0.000411	0.333008	-0.002392	0.082031	-0.001424	0.203125	0.138806	0.048828	0.062587	0.234375	-0.402672	0.117188	-0.136642	0.166992	0.000910	0.000256	
-1	-1	1	-1	
0.319336	0.001346	0.049805	0.000375	0.250000	-0.001255	0.172852	-0.001197	0.023438	0.001994	0.134766	0.000411	0.000000	-0.002497	0.057617	-0.001283	0.183594	0.148433	0.021484	0.066104	0.179688	-0.397129	0.095703	-0.130711	0.145508	0.000995	0.000237	
-1	-1	1	-1	
0.285156	0.001098	0.048828	0.000612	0.219727	-0.001377	0.175781	-0.001049	0.023438	0.001694	0.141602	0.000282	0.008789	-0.001727	0.059570	-0.001236	0.182617	0.110047	0.025391	0.072273	0.211914	-0.363363	0.095703	-0.131322	0.145508	0.000909	0.000266	
-1	-1	1	-1	
0.329102	0.001052	0.076172	0.000401	0.000000	-0.001146	0.198242	-0.001001	0.045898	0.001672	0.165039	0.000335	0.031250	-0.001912	0.083008	-0.001829	0.206055	0.126185	0.048828	0.073673	0.203125	-0.382094	0.121094	-0.141157	0.170898	0.000913	0.000238	
-1	-1	1	-1	
0.300781	0.001011	0.050781	0.000352	0.232422	-0.001182	0.176758	-0.001080	0.017578	0.001504	0.135742	0.000402	0.005859	-0.001947	0.061523	-0.001758	0.183594	0.130268	0.027344	0.083180	0.215820	-0.373764	0.095703	-0.198988	0.145508	0.000881	0.000245	
-1	-1	1	-1	
0.291992	0.000926	0.076172	0.000762	0.236328	-0.001499	0.212891	-0.000951	0.042969	0.001531	0.161133	0.000308	0.028320	-0.001827	0.083984	-0.001283	0.198242	0.099408	0.046875	0.074538	0.223633	-0.376178	0.119141	-0.088481	0.168945	0.000898	0.000233	
-1	-1	1	-1	
0.344727	0.001140	0.077148	0.000279	0.250977	-0.001140	0.203125	-0.000730	0.047852	0.001481	0.173828	0.000382	0.343750	-0.002108	0.084961	-0.001592	0.209961	0.111388	0.050781	0.091866	0.243164	-0.389112	0.125000	-0.104934	0.174805	0.000800	0.000218	
-1	-1	1	-1	
0.280273	0.000975	0.050781	0.000352	0.212891	-0.001338	0.179688	-0.001129	0.017578	0.002037	0.138672	0.000461	0.009766	-0.001956	0.179688	-0.001703	0.057617	0.145391	0.024414	0.096649	0.175781	-0.365227	0.095703	-0.114888	0.145508	0.000867	0.000205	
-1	-1	1	-1	
0.303711	0.000811	0.066406	0.000339	0.218750	-0.001595	0.188477	-0.000992	0.029297	0.002658	0.177734	0.000657	0.125977	-0.003054	0.188477	-0.001614	0.070312	0.133947	0.042969	0.118599	0.185547	-0.360310	0.113281	-0.093966	0.163086	0.000782	0.000160	
-1	-1	1	-1	
0.311523	0.000945	0.056641	0.000436	0.249023	-0.001149	0.177734	-0.000943	0.026367	0.001853	0.140625	0.000337	0.252930	-0.001982	0.059570	-0.001409	0.185547	0.135780	0.031250	0.078336	0.181641	-0.358596	0.095703	-0.147953	0.145508	0.000748	0.000155	
-1	-1	1	-1	
0.304688	0.000773	0.052734	0.000466	0.211914	-0.001199	0.178711	-0.000704	0.023438	0.001708	0.149414	0.000302	0.011719	-0.001721	0.178711	-0.001594	0.059570	0.126452	0.025391	0.091434	0.186523	-0.350207	0.101562	-0.083387	0.151367	0.000693	0.000203	
-1	-1	1	-1	
0.315430	0.000767	0.047852	0.000582	0.239258	-0.001192	0.168945	-0.000951	0.014648	0.001780	0.135742	0.000379	0.000000	-0.001469	0.176758	-0.001433	0.058594	0.139639	0.022461	0.082568	0.208984	-0.340819	0.095703	-0.123113	0.145508	0.000730	0.000189	
-1	-1	1	-1	
0.201172	0.001740	0.181641	0.001298	0.049805	-0.005517	0.174805	-0.001646	0.027344	0.002920	0.125977	0.000755	0.185547	-0.002768	0.056641	-0.002009	0.166992	0.198158	0.174805	0.123324	0.028320	-0.440744	0.095703	0.000000	0.000000	0.001992	0.000530	
-1	-1	-1	1	
0.405273	0.001159	0.395508	0.001134	0.264648	-0.002475	0.362305	-0.001840	0.040039	0.004736	0.358398	0.003234	0.161133	-0.002958	0.369141	-0.002953	0.171875	0.171634	0.246094	0.162366	0.166992	-0.452993	0.304688	-0.447807	0.105469	0.001510	0.000483	
-1	-1	-1	1	
0.188477	0.001177	0.052734	0.000871	0.102539	-0.002955	0.153320	-0.001976	0.035156	0.006308	0.149414	0.000523	0.000000	-0.003278	0.156250	-0.002755	0.060547	0.194805	0.154297	0.159639	0.034180	-0.412536	0.095703	0.000000	0.000000	0.001742	0.000543	
-1	-1	-1	1	
0.193359	0.002118	0.186523	0.001156	0.057617	-0.003459	0.167969	-0.002119	0.038086	0.006082	0.149414	0.000598	0.015625	-0.003010	0.160156	-0.002878	0.064453	0.202077	0.168945	0.158357	0.037109	-0.421149	0.094727	-0.003753	0.144531	0.001922	0.000492	
-1	-1	-1	1	
0.185547	0.001988	0.178711	0.001621	0.000000	-0.003906	0.170898	-0.001605	0.034180	0.004715	0.148438	0.000621	0.015625	-0.002749	0.067383	-0.002035	0.160156	0.214937	0.173828	0.156182	0.040039	-0.458730	0.095703	0.000000	0.000000	0.001910	0.000494	
-1	-1	-1	1	
0.161133	0.000948	0.063477	0.000776	0.000000	-0.002985	0.152344	-0.001685	0.037109	0.005914	0.144531	0.000495	0.030273	-0.002582	0.059570	-0.002441	0.155273	0.239345	0.149414	0.134381	0.041992	-0.434217	0.095703	0.000000	0.000000	0.001854	0.000446	
-1	-1	-1	1	
0.179688	0.001448	0.013672	0.000972	0.073242	-0.003117	0.001953	-0.002348	0.168945	0.003404	0.139648	0.000614	0.039062	-0.002657	0.080078	-0.002371	0.168945	0.208157	0.166992	0.195223	0.006836	-0.424502	0.109375	0.000000	0.000000	0.001910	0.000485	
-1	-1	-1	1	
0.175781	0.001254	0.067383	0.000928	0.152344	-0.002643	0.174805	-0.002160	0.000977	0.004715	0.152344	0.000550	0.022461	-0.002674	0.163086	-0.002547	0.074219	0.207501	0.159180	0.190797	0.002930	-0.399453	0.109375	0.000000	0.000000	0.001711	0.000431	
-1	-1	-1	1	
0.190430	0.001672	0.183594	0.001308	0.065430	-0.005036	0.168945	-0.002643	0.000000	0.003511	0.154297	0.000552	0.032227	-0.002845	0.069336	-0.002681	0.161133	0.237885	0.170898	0.190961	0.000977	-0.442398	0.099609	0.000000	0.000000	0.002013	0.000521	
-1	-1	-1	1	
0.195312	0.001058	0.000000	0.000942	0.193359	-0.003293	0.182617	-0.001504	0.038086	0.003916	0.156250	0.000638	0.000000	-0.002673	0.067383	-0.002663	0.166992	0.182572	0.188477	0.139582	0.041992	-0.422937	0.101562	0.000000	0.000000	0.001654	0.000441	
-1	-1	-1	1	
0.189453	0.001164	0.175781	0.001127	0.054688	-0.004551	0.168945	-0.001404	0.032227	0.003588	0.146484	0.000572	0.005859	-0.002996	0.157227	-0.002810	0.061523	0.195446	0.174805	0.152114	0.000000	-0.440386	0.095703	0.000000	0.000000	0.001721	0.000518	
-1	-1	-1	1	
0.195312	0.001128	0.194336	0.001008	0.064453	-0.002615	0.164062	-0.001516	0.030273	0.004776	0.160156	0.000597	0.023438	-0.002281	0.071289	-0.001874	0.167969	0.252313	0.166992	0.139895	0.041016	-0.404653	0.112305	0.000000	0.000000	0.001625	0.000430	
-1	-1	-1	1	
0.160156	0.001128	0.000000	0.001094	0.061523	-0.002237	0.154297	-0.001577	0.028320	0.003766	0.150391	0.000858	0.005859	-0.002039	0.057617	-0.001971	0.153320	0.226490	0.155273	0.196821	0.000000	-0.358053	0.095703	0.000000	0.000000	0.001187	0.000291	
-1	-1	-1	1	
