33	27	4
0.500000	0.000289	0.083984	0.000252	0.000000	-0.000268	0.253906	-0.000206	0.962891	0.000568	0.933594	0.000416	0.246094	-0.000322	0.264648	-0.000133	0.691406	0.098616	0.976562	0.050023	0.500000	-0.099927	0.130859	-0.070036	0.187500	0.000224	0.000048	
1	-1	-1	-1	
0.500000	0.000376	0.074219	0.000298	0.018555	-0.000387	0.214844	-0.000198	0.889648	0.000374	0.974609	0.000314	0.136719	-0.000259	0.222656	-0.000223	0.566406	0.069831	0.500000	0.049685	0.500000	-0.143931	0.095703	-0.080526	0.045898	0.000263	0.000053	
1	-1	-1	-1	
0.634766	0.000542	0.081055	0.000322	0.029297	-0.000795	0.189453	-0.000614	0.589844	0.001272	0.185547	0.000912	0.582031	-0.000636	0.196289	-0.000373	0.043945	0.168170	0.603516	0.120576	0.000000	-0.156377	0.095703	-0.064765	0.145508	0.000415	0.000094	
-1	1	-1	-1	
0.692383	0.000369	0.058594	0.000284	0.184570	-0.001370	0.196289	-0.000436	0.652344	0.001435	0.192383	0.000903	0.644531	-0.001061	0.203125	-0.000330	0.615234	0.139158	0.667969	0.094723	0.000000	-0.150014	0.096680	-0.091706	0.146484	0.000346	0.000079	
-1	1	-1	-1	
0.636719	0.000517	0.089844	0.000311	0.038086	-0.000742	0.159180	-0.000452	0.590820	0.001600	0.154297	0.000806	0.580078	-0.000842	0.166016	-0.000325	0.041016	0.150021	0.610352	0.108208	0.000000	-0.161026	0.095703	-0.042428	0.044922	0.000386	0.000085	
-1	1	-1	-1	
0.687500	0.000483	0.087891	0.000333	0.036133	-0.000541	0.183594	-0.000334	0.628906	0.001879	0.183594	0.000653	0.621094	-0.000828	0.194336	-0.000236	0.042969	0.109592	0.650391	0.105884	0.000000	-0.161905	0.096680	-0.068937	0.146484	0.000341	0.000095	
-1	1	-1	-1	
0.660156	0.000381	0.044922	0.000320	0.094727	-0.000711	0.187500	-0.000510	0.613281	0.001610	0.185547	0.000774	0.605469	-0.000802	0.193359	-0.000247	0.579102	0.124464	0.632812	0.080028	0.000000	-0.142059	0.109375	-0.073677	0.059570	0.000321	0.000094	
-1	1	-1	-1	
0.666992	0.000518	0.044922	0.000410	0.094727	-0.000553	0.201172	-0.000424	0.620117	0.001365	0.193359	0.000689	0.612305	-0.000740	0.205078	-0.000283	0.041992	0.124493	0.637695	0.083754	0.000000	-0.139659	0.095703	-0.070771	0.145508	0.000342	0.000105	
-1	1	-1	-1	
0.563477	0.000515	0.089844	0.000316	0.037109	-0.001097	0.556641	-0.000597	0.174805	0.001922	0.174805	0.001470	0.545898	-0.000617	0.186523	-0.000506	0.527344	0.208677	0.559570	0.121013	0.000000	-0.179081	0.102539	-0.057324	0.152344	0.000767	0.000226	
-1	-1	1	-1	
0.404297	0.000775	0.097656	0.000649	0.167969	-0.001792	0.153320	-0.001122	0.401367	0.002994	0.145508	0.001504	0.393555	-0.000771	0.153320	-0.000764	0.041992	0.204623	0.000000	0.185654	0.403320	-0.216230	0.095703	-0.044897	0.259766	0.000773	0.000222	
-1	-1	1	-1	
0.375977	0.000792	0.141602	0.000713	0.089844	-0.001648	0.156250	-0.001122	0.000000	0.004260	0.144531	0.000442	0.007812	-0.001009	0.152344	-0.000661	0.059570	0.191898	0.000977	0.104160	0.375000	-0.204443	0.101562	-0.046059	0.259766	0.000735	0.000225	
-1	-1	1	-1	
0.368164	0.000889	0.125000	0.000626	0.073242	-0.001646	0.168945	-0.001054	0.017578	0.005061	0.158203	0.001449	0.009766	-0.001805	0.165039	-0.000805	0.080078	0.194744	0.027344	0.164763	0.367188	-0.218808	0.117188	-0.040322	0.257812	0.000834	0.000221	
-1	-1	1	-1	
0.345703	0.001011	0.109375	0.000587	0.057617	-0.001334	0.008789	-0.000886	0.342773	0.006040	0.130859	0.001542	0.000977	-0.002409	0.142578	-0.000951	0.064453	0.216231	0.015625	0.150532	0.343750	-0.231206	0.095703	-0.044748	0.233398	0.000845	0.000200	
-1	-1	1	-1	
0.344727	0.001013	0.116211	0.000823	0.064453	-0.001906	0.149414	-0.001646	0.012695	0.004983	0.137695	0.001630	0.004883	-0.001405	0.145508	-0.001110	0.060547	0.243709	0.015625	0.177846	0.343750	-0.244974	0.095703	-0.048875	0.229492	0.000965	0.000225	
-1	-1	1	-1	
0.363281	0.001102	0.123047	0.000793	0.067383	-0.002401	0.152344	-0.001286	0.007812	0.004142	0.140625	0.001751	0.000000	-0.001597	0.152344	-0.000970	0.348633	0.230447	0.014648	0.204296	0.362305	-0.233113	0.095703	-0.051379	0.238281	0.000964	0.000212	
-1	-1	1	-1	
0.328125	0.001086	0.112305	0.000777	0.059570	-0.002289	0.145508	-0.001495	0.000000	0.004062	0.133789	0.001740	0.000000	-0.001426	0.141602	-0.000906	0.063477	0.238941	0.006836	0.091056	0.327148	-0.222286	0.095703	-0.044410	0.229492	0.001021	0.000262	
-1	-1	1	-1	
0.360352	0.001014	0.154297	0.000871	0.081055	-0.002456	0.168945	-0.001523	0.024414	0.004616	0.161133	0.001790	0.359375	-0.001424	0.168945	-0.001020	0.083984	0.268767	0.029297	0.192011	0.359375	-0.246008	0.111328	-0.036826	0.251953	0.001059	0.000294	
-1	-1	1	-1	
0.333008	0.000979	0.135742	0.000794	0.083984	-0.002001	0.150391	-0.001411	0.006836	0.004450	0.139648	0.001790	0.000000	-0.003042	0.150391	-0.000948	0.069336	0.246848	0.014648	0.100652	0.332031	-0.251581	0.095703	-0.034859	0.229492	0.000945	0.000271	
-1	-1	1	-1	
0.338867	0.001013	0.118164	0.000880	0.169922	-0.001582	0.021484	-0.001203	0.159180	0.005241	0.143555	0.001782	0.014648	-0.002949	0.155273	-0.001147	0.077148	0.262866	0.029297	0.162477	0.336914	-0.258451	0.109375	-0.050952	0.239258	0.000958	0.000289	
-1	-1	1	-1	
0.368164	0.001108	0.138672	0.000875	0.064453	-0.002498	0.153320	-0.001593	0.012695	0.005802	0.142578	0.001808	0.001953	-0.001990	0.149414	-0.001264	0.060547	0.272835	0.009766	0.226821	0.366211	-0.260835	0.095703	-0.046228	0.235352	0.001075	0.000260	
-1	-1	1	-1	
0.368164	0.001225	0.159180	0.000736	0.059570	-0.002893	0.148438	-0.001371	0.367188	0.005402	0.136719	0.001817	0.367188	-0.002878	0.148438	-0.000865	0.059570	0.244985	0.003906	0.216852	0.366211	-0.246202	0.095703	-0.044336	0.235352	0.000976	0.000271	
-1	-1	1	-1	
0.228516	0.001774	0.151367	0.001180	0.070312	-0.004108	0.143555	-0.001812	0.014648	0.012925	0.132812	0.002248	0.014648	-0.004100	0.140625	-0.001896	0.070312	0.309564	0.016602	0.109218	0.137695	-0.313931	0.095703	-0.061609	0.220703	0.001683	0.000635	
-1	-1	-1	1	
0.483398	0.001123	0.378906	0.001044	0.142578	-0.002210	0.029297	-0.002090	0.253906	0.008639	0.397461	0.005971	0.146484	-0.003709	0.408203	-0.002911	0.157227	0.362299	0.286133	0.356041	0.031250	-0.330635	0.357422	-0.292026	0.109375	0.001601	0.000653	
-1	-1	-1	1	
0.247070	0.001272	0.179688	0.001212	0.087891	-0.002573	0.172852	-0.002180	0.002930	0.005742	0.158203	0.002120	0.020508	-0.003051	0.168945	-0.001433	0.083984	0.364013	0.038086	0.125877	0.174805	-0.294947	0.107422	-0.089772	0.235352	0.001644	0.000699	
-1	-1	-1	1	
0.462891	0.001407	0.169922	0.001221	0.344727	-0.004188	0.162109	-0.003069	0.385742	0.007170	0.370117	0.006309	0.147461	-0.003599	0.381836	-0.002293	0.158203	0.403039	0.257812	0.351183	0.024414	-0.317656	0.326172	-0.302814	0.095703	0.001664	0.000632	
-1	-1	-1	1	
0.241211	0.001681	0.160156	0.001112	0.067383	-0.004284	0.152344	-0.001939	0.022461	0.006033	0.137695	0.001758	0.003906	-0.003163	0.148438	-0.001717	0.066406	0.360749	0.027344	0.256277	0.239258	-0.352346	0.095703	-0.129871	0.212891	0.001729	0.000609	
-1	-1	-1	1	
0.250000	0.001118	0.066406	0.000999	0.116211	-0.002522	0.155273	-0.001682	0.225586	0.005746	0.140625	0.001429	0.244141	-0.003077	0.151367	-0.001470	0.069336	0.348903	0.015625	0.215865	0.249023	-0.314422	0.095703	-0.118144	0.227539	0.001533	0.000645	
-1	-1	-1	1	
0.481445	0.001708	0.409180	0.001612	0.164062	-0.005328	0.401367	-0.004189	0.157227	0.007238	0.386719	0.006506	0.146484	-0.002819	0.397461	-0.002380	0.153320	0.352524	0.258789	0.335715	0.023438	-0.324391	0.095703	-0.291847	0.336914	0.001730	0.000702	
-1	-1	-1	1	
0.235352	0.001228	0.072266	0.000867	0.124023	-0.002072	0.161133	-0.001709	0.016602	0.008143	0.142578	0.001862	0.234375	-0.003490	0.153320	-0.001478	0.072266	0.341512	0.019531	0.148302	0.233398	-0.312604	0.095703	-0.117296	0.212891	0.001372	0.000646	
-1	-1	-1	1	
0.244141	0.001319	0.070312	0.001212	0.120117	-0.003269	0.158203	-0.001910	0.021484	0.005578	0.143555	0.002060	0.232422	-0.002042	0.154297	-0.001503	0.069336	0.350078	0.021484	0.271832	0.242188	-0.332872	0.095703	-0.127861	0.211914	0.001318	0.000446	
-1	-1	-1	1	
0.219727	0.001462	0.070312	0.001141	0.120117	-0.002418	0.159180	-0.002282	0.215820	0.005956	0.140625	0.000558	0.006836	-0.003304	0.152344	-0.001327	0.070312	0.347352	0.013672	0.095924	0.162109	-0.319714	0.095703	-0.112156	0.215820	0.001265	0.000413	
-1	-1	-1	1	
0.219727	0.001615	0.158203	0.001388	0.106445	-0.003734	0.151367	-0.002377	0.028320	0.008628	0.135742	0.001883	0.218750	-0.003227	0.146484	-0.001951	0.080078	0.372862	0.032227	0.196239	0.218750	-0.359068	0.095703	-0.132615	0.201172	0.001488	0.000379	
-1	-1	-1	1	
0.249023	0.001726	0.166016	0.001467	0.069336	-0.004245	0.158203	-0.001849	0.021484	0.007169	0.143555	0.002087	0.243164	-0.004162	0.154297	-0.001601	0.073242	0.359243	0.025391	0.216326	0.248047	-0.311652	0.095703	-0.138948	0.223633	0.001421	0.000348	
-1	-1	-1	1	
