26	4	3
0.019098	0.076735	0.073761	-0.104263	
1	-1	-1	
0.018077	0.090253	0.130147	-0.137701	
1	-1	-1	
0.020571	0.081344	0.081942	-0.115916	
1	-1	-1	
0.019175	0.079507	0.106156	-0.106692	
1	-1	-1	
0.014486	0.086082	0.104837	-0.118055	
1	-1	-1	
0.018647	0.087829	0.108383	-0.119486	
1	-1	-1	
0.023620	0.115320	0.079151	-0.213463	
-1	1	-1	
0.024528	0.112781	0.103202	-0.209812	
-1	1	-1	
0.023546	0.111074	0.116985	-0.203732	
-1	1	-1	
0.023528	0.125742	0.101205	-0.222150	
-1	1	-1	
0.022894	0.116916	0.094425	-0.199173	
-1	1	-1	
0.022234	0.121288	0.098426	-0.249032	
-1	1	-1	
0.019635	0.121673	0.077148	-0.236120	
-1	1	-1	
0.023973	0.104360	0.096370	-0.212635	
-1	1	-1	
0.023538	0.113656	0.112523	-0.168811	
-1	1	-1	
0.035053	0.133127	0.111223	-0.240787	
-1	-1	1	
0.032424	0.137144	0.114620	-0.241279	
-1	-1	1	
0.031726	0.142574	0.116557	-0.275552	
-1	-1	1	
0.033817	0.130027	0.103429	-0.233084	
-1	-1	1	
0.028193	0.148588	0.118018	-0.323489	
-1	-1	1	
0.031327	0.137125	0.117124	-0.305384	
-1	-1	1	
0.031051	0.137367	0.127974	-0.305965	
-1	-1	1	
0.031540	0.144866	0.137689	-0.279022	
-1	-1	1	
0.023355	0.147912	0.108692	-0.302297	
-1	-1	1	
0.029780	0.134950	0.122207	-0.283745	
-1	-1	1	
0.032312	0.137410	0.125307	-0.264061	
-1	-1	1	
