40	27	4
0.622070	0.000323	0.037109	0.000092	0.200195	-0.000262	0.581055	-0.000233	0.245117	0.000282	0.204102	0.000225	0.081055	-0.000906	0.245117	-0.000457	0.026367	0.062397	0.607422	0.057018	0.264648	-0.183323	0.095703	-0.166142	0.145508	0.000194	0.000053	
1	-1	-1	-1	
0.646484	0.000328	0.044922	0.000072	0.328125	-0.000231	0.269531	-0.000170	0.180664	0.000228	0.206055	0.000214	0.092773	-0.001108	0.265625	-0.000452	0.037109	0.066659	0.284180	0.057212	0.011719	-0.183710	0.096680	-0.168779	0.150391	0.000212	0.000050	
1	-1	-1	-1	
0.712891	0.000377	0.063477	0.000165	0.113281	-0.000352	0.307617	-0.000250	0.681641	0.000239	0.710938	0.000222	0.159180	-0.001535	0.303711	-0.000512	0.074219	0.063634	0.292969	0.056973	0.682617	-0.187212	0.161133	-0.175247	0.210938	0.000216	0.000046	
1	-1	-1	-1	
0.680664	0.000452	0.031250	0.000072	0.309570	-0.000289	0.651367	-0.000246	0.268555	0.000269	0.001953	0.000238	0.086914	-0.001191	0.264648	-0.000527	0.024414	0.063160	0.655273	0.056496	0.001953	-0.180969	0.095703	-0.164309	0.145508	0.000223	0.000044	
1	-1	-1	-1	
0.639648	0.000399	0.018555	0.000132	0.068359	-0.000298	0.253906	-0.000155	0.166016	0.000277	0.003906	0.000268	0.091797	-0.001342	0.257812	-0.000501	0.026367	0.057899	0.246094	0.052759	0.000000	-0.174082	0.095703	-0.166139	0.145508	0.000246	0.000046	
1	-1	-1	-1	
0.666016	0.000411	0.067383	0.000156	0.117188	-0.000289	0.291992	-0.000252	0.210938	0.000315	0.048828	0.000280	0.248047	-0.001010	0.291992	-0.000416	0.075195	0.075140	0.307617	0.055560	0.665039	-0.190816	0.198242	-0.171057	0.148438	0.000228	0.000050	
1	-1	-1	-1	
0.438477	0.000468	0.032227	0.000217	0.151367	-0.000580	0.192383	-0.000493	0.132812	0.001041	0.203125	0.000962	0.151367	-0.001766	0.191406	-0.000595	0.017578	0.127586	0.204102	0.058877	0.000000	-0.285564	0.107422	-0.228433	0.057617	0.000389	0.000095	
-1	1	-1	-1	
0.497070	0.000477	0.086914	0.000279	0.205078	-0.000634	0.028320	-0.000590	0.182617	0.001228	0.253906	0.001006	0.201172	-0.002107	0.242188	-0.000575	0.072266	0.130358	0.250977	0.075059	0.049805	-0.309644	0.175781	-0.267623	0.125000	0.000436	0.000096	
-1	1	-1	-1	
0.529297	0.000445	0.075195	0.000321	0.519531	-0.000750	0.218750	-0.000701	0.489258	0.001344	0.185547	0.000902	0.235352	-0.001869	0.218750	-0.000554	0.051758	0.125336	0.231445	0.083732	0.510742	-0.307349	0.142578	-0.239728	0.092773	0.000483	0.000105	
-1	1	-1	-1	
0.483398	0.000491	0.007812	0.000321	0.471680	-0.000669	0.437500	-0.000639	0.108398	0.001113	0.133789	0.001051	0.186523	-0.001917	0.174805	-0.000604	0.007812	0.112923	0.185547	0.085177	0.461914	-0.310881	0.095703	-0.248251	0.045898	0.000467	0.000091	
-1	1	-1	-1	
0.478516	0.000491	0.009766	0.000345	0.469727	-0.000652	0.114258	-0.000643	0.435547	0.001320	0.131836	0.001110	0.181641	-0.002153	0.168945	-0.000609	0.001953	0.118049	0.179688	0.080379	0.456055	-0.311074	0.095703	-0.252513	0.045898	0.000450	0.000093	
-1	1	-1	-1	
0.495117	0.000476	0.024414	0.000449	0.494141	-0.000702	0.171875	-0.000669	0.438477	0.001180	0.182617	0.001130	0.130859	-0.002212	0.171875	-0.000628	0.004883	0.139671	0.180664	0.076368	0.462891	-0.308407	0.096680	-0.245703	0.046875	0.000446	0.000084	
-1	1	-1	-1	
0.464844	0.000495	0.006836	0.000147	0.125000	-0.000538	0.460938	-0.000535	0.098633	0.000993	0.125000	0.000929	0.180664	-0.002043	0.168945	-0.000474	0.000000	0.124126	0.177734	0.070065	0.456055	-0.293091	0.103516	-0.262440	0.053711	0.000415	0.000073	
-1	1	-1	-1	
0.461914	0.000466	0.055664	0.000302	0.176758	-0.000739	0.210938	-0.000577	0.155273	0.001193	0.176758	0.000766	0.226562	-0.001817	0.209961	-0.000604	0.040039	0.136822	0.220703	0.068306	0.000000	-0.304208	0.147461	-0.262261	0.096680	0.000410	0.000085	
-1	1	-1	-1	
0.502930	0.000445	0.078125	0.000261	0.204102	-0.000600	0.022461	-0.000554	0.185547	0.001105	0.204102	0.000759	0.253906	-0.001745	0.241211	-0.000647	0.070312	0.106364	0.252930	0.077441	0.042969	-0.292823	0.170898	-0.251428	0.121094	0.000401	0.000077	
-1	1	-1	-1	
0.408203	0.000608	0.023438	0.000405	0.130859	-0.001063	0.112305	-0.000839	0.385742	0.001962	0.130859	0.000544	0.197266	-0.002143	0.164062	-0.000570	0.008789	0.154588	0.173828	0.096220	0.407227	-0.401494	0.095703	-0.281078	0.044922	0.000651	0.000153	
-1	-1	1	-1	
0.414062	0.000581	0.034180	0.000537	0.137695	-0.001143	0.119141	-0.000888	0.393555	0.002012	0.137695	0.000484	0.204102	-0.002084	0.166992	-0.000605	0.014648	0.170636	0.177734	0.104549	0.000977	-0.400049	0.102539	-0.273284	0.052734	0.000688	0.000153	
-1	-1	1	-1	
0.427734	0.000625	0.035156	0.000485	0.138672	-0.001127	0.120117	-0.000837	0.400391	0.002177	0.138672	0.000502	0.188477	-0.002879	0.171875	-0.000563	0.020508	0.157046	0.180664	0.101837	0.002930	-0.395042	0.109375	-0.291240	0.059570	0.000663	0.000163	
-1	-1	1	-1	
0.400391	0.000572	0.024414	0.000421	0.131836	-0.001091	0.157227	-0.000931	0.375977	0.001898	0.127930	0.000375	0.000000	-0.002066	0.157227	-0.000669	0.009766	0.170666	0.166016	0.114965	0.397461	-0.387874	0.095703	-0.275415	0.045898	0.000675	0.000156	
-1	-1	1	-1	
0.372070	0.000584	0.027344	0.000513	0.130859	-0.001091	0.112305	-0.000982	0.162109	0.002274	0.130859	0.000460	0.190430	-0.002916	0.161133	-0.000622	0.012695	0.204879	0.168945	0.107709	0.000000	-0.399736	0.101562	-0.290704	0.050781	0.000640	0.000164	
-1	-1	1	-1	
0.431641	0.000591	0.059570	0.000398	0.163086	-0.001182	0.144531	-0.000940	0.007812	0.002219	0.162109	0.000579	0.225586	-0.002487	0.192383	-0.000631	0.043945	0.201169	0.201172	0.111642	0.029297	-0.416827	0.130859	-0.279155	0.081055	0.000719	0.000173	
-1	-1	1	-1	
0.399414	0.000574	0.035156	0.000567	0.138672	-0.001168	0.120117	-0.000992	0.390625	0.002173	0.138672	0.000599	0.188477	-0.002845	0.171875	-0.000683	0.019531	0.177073	0.180664	0.112253	0.006836	-0.407499	0.104492	-0.270870	0.053711	0.000707	0.000178	
-1	-1	1	-1	
0.404297	0.000733	0.134766	0.000606	0.031250	-0.001430	0.116211	-0.001079	0.166016	0.002491	0.134766	0.000446	0.190430	-0.001910	0.164062	-0.000665	0.016602	0.207323	0.170898	0.125635	0.003906	-0.429105	0.103516	-0.279647	0.053711	0.000768	0.000170	
-1	-1	1	-1	
0.372070	0.000574	0.026367	0.000527	0.129883	-0.001169	0.159180	-0.000994	0.107422	0.002281	0.129883	0.000415	0.189453	-0.002550	0.159180	-0.000605	0.007812	0.203330	0.166016	0.079665	0.370117	-0.405740	0.095703	-0.277069	0.045898	0.000701	0.000167	
-1	-1	1	-1	
0.402344	0.000613	0.061523	0.000496	0.168945	-0.001031	0.146484	-0.000883	0.009766	0.002027	0.165039	0.000559	0.214844	-0.002379	0.198242	-0.000627	0.049805	0.173378	0.207031	0.095117	0.032227	-0.396949	0.130859	-0.271242	0.081055	0.000674	0.000170	
-1	-1	1	-1	
0.431641	0.000555	0.070312	0.000455	0.173828	-0.001088	0.155273	-0.000894	0.426758	0.002089	0.173828	0.000742	0.223633	-0.002315	0.207031	-0.000627	0.055664	0.152055	0.216797	0.100795	0.039062	-0.405040	0.141602	-0.274253	0.090820	0.000666	0.000174	
-1	-1	1	-1	
0.343750	0.000712	0.130859	0.000490	0.045898	-0.001542	0.341797	-0.001435	0.164062	0.003176	0.166992	0.001452	0.115234	-0.002733	0.156250	-0.001045	0.019531	0.263390	0.163086	0.155104	0.005859	-0.438186	0.095703	-0.305864	0.045898	0.000936	0.000259	
-1	-1	-1	1	
0.349609	0.000893	0.130859	0.000574	0.031250	-0.001791	0.164062	-0.001578	0.345703	0.003401	0.164062	0.001247	0.112305	-0.002999	0.156250	-0.000920	0.016602	0.314978	0.165039	0.182224	0.005859	-0.469970	0.095703	-0.289815	0.045898	0.000991	0.000266	
-1	-1	-1	1	
0.355469	0.000941	0.128906	0.000580	0.033203	-0.002268	0.166016	-0.001523	0.000000	0.003867	0.169922	0.001523	0.118164	-0.002892	0.162109	-0.000874	0.336914	0.271556	0.168945	0.182418	0.005859	-0.484141	0.095703	-0.291439	0.044922	0.001051	0.000264	
-1	-1	-1	1	
0.345703	0.000885	0.125000	0.000574	0.174805	-0.001661	0.162109	-0.001368	0.111328	0.003866	0.162109	0.001537	0.103516	-0.003622	0.155273	-0.000903	0.333008	0.280765	0.163086	0.173328	0.003906	-0.490131	0.095703	-0.298190	0.045898	0.000929	0.000267	
-1	-1	-1	1	
0.328125	0.000866	0.131836	0.000571	0.045898	-0.001486	0.116211	-0.001445	0.168945	0.003487	0.171875	0.001816	0.120117	-0.002787	0.161133	-0.000950	0.016602	0.296456	0.168945	0.182611	0.005859	-0.478300	0.109375	-0.344145	0.059570	0.001003	0.000283	
-1	-1	-1	1	
0.322266	0.000813	0.155273	0.000597	0.059570	-0.001600	0.025391	-0.001377	0.188477	0.003229	0.192383	0.001652	0.140625	-0.002788	0.185547	-0.001014	0.040039	0.255970	0.190430	0.189719	0.031250	-0.479969	0.126953	-0.326621	0.077148	0.000934	0.000249	
-1	-1	-1	1	
0.372070	0.000768	0.178711	0.000597	0.228516	-0.001876	0.215820	-0.001574	0.048828	0.003531	0.215820	0.001624	0.164062	-0.003169	0.208008	-0.001066	0.067383	0.289587	0.215820	0.171912	0.055664	-0.467363	0.151367	-0.328037	0.101562	0.000982	0.000269	
-1	-1	-1	1	
0.387695	0.001008	0.155273	0.000724	0.205078	-0.001643	0.188477	-0.001476	0.025391	0.003407	0.191406	0.001221	0.132812	-0.002997	0.184570	-0.000892	0.043945	0.294251	0.191406	0.170452	0.384766	-0.480207	0.130859	-0.338900	0.081055	0.000972	0.000266	
-1	-1	-1	1	
0.330078	0.000872	0.123047	0.000587	0.026367	-0.001467	0.104492	-0.001253	0.160156	0.003100	0.160156	0.001423	0.108398	-0.003126	0.152344	-0.000806	0.007812	0.270010	0.159180	0.153822	0.000000	-0.461488	0.095703	-0.295921	0.044922	0.000884	0.000244	
-1	-1	-1	1	
0.328125	0.000857	0.148438	0.000555	0.051758	-0.001528	0.178711	-0.001395	0.010742	0.003601	0.181641	0.001520	0.129883	-0.003159	0.174805	-0.000801	0.033203	0.302882	0.180664	0.169904	0.021484	-0.461116	0.115234	-0.260844	0.065430	0.001052	0.000283	
-1	-1	-1	1	
0.399414	0.000967	0.168945	0.000605	0.080078	-0.001631	0.150391	-0.001566	0.202148	0.003096	0.172852	0.000789	0.222656	-0.002771	0.195312	-0.001017	0.379883	0.295640	0.203125	0.189171	0.398438	-0.468060	0.139648	-0.282957	0.088867	0.000994	0.000268	
-1	-1	-1	1	
0.295898	0.000840	0.125000	0.000559	0.025391	-0.001465	0.102539	-0.001412	0.154297	0.002848	0.125000	0.000779	0.174805	-0.002063	0.150391	-0.001051	0.009766	0.254990	0.157227	0.196801	0.000977	-0.467627	0.095703	-0.310942	0.044922	0.001035	0.000255	
-1	-1	-1	1	
0.392578	0.000798	0.172852	0.000579	0.222656	-0.001658	0.384766	-0.001624	0.040039	0.003044	0.172852	0.000754	0.232422	-0.002464	0.199219	-0.001096	0.058594	0.277475	0.207031	0.201777	0.046875	-0.479936	0.144531	-0.317647	0.094727	0.000991	0.000274	
-1	-1	-1	1	
0.344727	0.001024	0.122070	0.000550	0.036133	-0.001611	0.106445	-0.001598	0.336914	0.004051	0.159180	0.001408	0.106445	-0.003760	0.151367	-0.000917	0.325195	0.312508	0.158203	0.202254	0.342773	-0.461622	0.095703	-0.323518	0.045898	0.001082	0.000270	
-1	-1	-1	1	
